91.558023    91.187365
97.296579    95.780080
84.115845    90.615340
84.093900    91.435302
103.111432    102.139037
91.941210    86.268203
104.101899    102.524021
71.108538    86.141387
59.637688    69.193596
58.865746    71.510293
58.697374    70.672320
92.139168    90.281916
72.503236    86.286568
84.813434    89.895570
95.826931    89.165534
59.939269    66.903862
59.672345    64.986592
94.253319    90.197444
61.052429    62.909473
94.859254    100.194971
72.267815    81.894617
82.525977    98.107474
82.928184    89.143991
85.858154    94.781128
67.803507    79.154172
94.993545    89.665892
85.407144    94.903350
77.235160    104.516228
59.101994    71.977288
86.561236    94.177328
59.931934    76.073221
66.511607    84.816383
100.056545    76.238436
70.386590    86.015172
58.720244    72.785290
66.493914    84.281997
108.441909    91.724834
82.641879    96.106962
59.501403    74.003876
102.073744    73.016657
116.485460    83.722294
100.984734    77.424472
97.331578    84.720213
87.839072    94.176568
59.049161    69.672049
99.195006    77.145098
67.301722    85.616122
85.700411    91.447985
93.502712    93.036226
101.041743    75.879009
84.681834    89.750705
86.025456    89.951570
92.450778    89.858831
62.553689    91.104869
105.814042    81.562532
99.512769    70.356143
99.358744    69.646796
105.692995    81.839842
105.338633    81.843117
54.367222    76.794293
41.623341    54.747895
42.486895    52.312922
41.596341    55.506685
105.654299    82.884336
106.134120    81.831877
75.203758    79.942339
41.376941    58.362538
47.527835    47.077097
43.108149    49.144197
106.270218    81.824514
64.806997    108.679675
42.323607    51.836025
52.280871    75.952805
105.715092    83.021307
66.630658    99.276578
41.409920    55.652234
103.831714    92.140811
84.575973    100.562355
82.808631    101.107932
74.355280    79.347044
103.852460    84.111082
99.742641    73.112633
106.994396    60.013777
65.099296    112.235620
103.551586    90.916896
113.059014    105.097730
103.159250    92.612294
120.571221    86.713175
85.636995    100.224487
50.267860    73.972064
52.219680    76.458446
73.118883    102.136349
44.535440    46.889858
109.495236    55.566897
129.000919    74.551552
106.819313    60.426608
109.453197    61.491881
100.329618    100.855589
99.668008    64.849597
102.982558    92.435910
107.147091    72.544412
102.903723    91.794865
90.177539    98.875717
108.996813    59.234271
76.654599    93.917886
90.049387    86.597741
102.385874    95.349706
44.216402    57.773658
105.814042    81.562532
99.512769    70.356143
99.358744    69.646796
105.692995    81.839842
105.338633    81.843117
54.367222    76.794293
41.623341    54.747895
42.486895    52.312922
41.596341    55.506685
105.654299    82.884336
106.134120    81.831877
75.203758    79.942339
41.376941    58.362538
47.527835    47.077097
43.108149    49.144197
106.270218    81.824514
64.806997    108.679675
42.323607    51.836025
52.280871    75.952805
105.715092    83.021307
66.630658    99.276578
41.409920    55.652234
103.831714    92.140811
84.575973    100.562355
82.808631    101.107932
74.355280    79.347044
103.852460    84.111082
99.742641    73.112633
106.994396    60.013777
65.099296    112.235620
103.551586    90.916896
113.059014    105.097730
103.159250    92.612294
120.571221    86.713175
85.636995    100.224487
50.267860    73.972064
52.219680    76.458446
73.118883    102.136349
44.535440    46.889858
109.495236    55.566897
129.000919    74.551552
106.819313    60.426608
109.453197    61.491881
100.329618    100.855589
99.668008    64.849597
102.982558    92.435910
107.147091    72.544412
102.903723    91.794865
90.177539    98.875717
108.996813    59.234271
76.654599    93.917886
90.049387    86.597741
102.385874    95.349706
44.216402    57.773658
