94.953971    74.287336
88.446088    86.173447
66.845799    124.194553
50.384938    121.679244
57.770860    122.489991
59.479055    122.121308
81.390807    89.981322
53.583438    122.129554
59.732492    122.023092
94.925164    73.930572
57.706227    122.804574
75.599385    124.268727
82.440154    90.588764
95.072507    74.373719
42.580723    118.378255
81.410213    89.898212
36.451684    115.860257
57.268695    122.898082
40.964425    117.441814
43.346427    118.277474
35.829428    115.709306
96.436794    74.957550
81.898710    115.724228
95.018863    74.378628
83.270137    83.084827
67.949693    70.651085
80.450052    115.849075
88.445594    77.507884
64.961965    122.797983
95.101045    74.229643
