43.801119    89.349601
76.067320    86.021225
76.237441    86.025249
43.823251    90.014504
76.099820    86.201349
62.426463    57.942323
62.225768    57.803876
76.377172    86.325641
62.341051    57.647615
76.392607    86.202055
94.342104    93.799219
56.771822    60.389354
76.518043    86.288049
62.438616    58.301016
54.947635    106.160205
44.025402    91.196835
58.012543    90.616457
65.900206    95.357886
55.384866    47.634470
57.739662    83.060086
50.764486    69.459241
118.046568    75.867589
56.674343    60.425515
95.641732    98.649070
88.925747    96.563672
69.222606    107.597334
118.259716    75.801083
81.271891    99.784023
94.522221    94.147634
65.334258    102.217625
68.639693    106.164513
60.249552    119.619977
90.646894    99.898122
60.002649    107.175529
62.773749    86.306801
76.739150    86.456790
52.039295    89.989912
54.270867    106.444577
