98.211193    96.062846
75.926062    70.236233
64.818733    80.769841
134.992255    101.730641
85.741548    81.118692
88.993207    72.558189
76.145754    67.696672
89.371642    94.526001
152.176652    115.649578
33.366402    145.034770
72.888131    100.526185
80.171492    98.203396
63.140260    76.193858
83.321394    89.298404
165.105413    91.032668
71.053166    95.915420
86.758699    74.762587
72.973677    66.497385
103.084915    101.744792
57.349596    119.210217
68.606974    112.972506
150.184253    50.086063
113.673796    78.585360
89.379153    98.285282
58.993542    94.055239
78.846052    91.834934
152.753535    148.228453
71.422852    69.673960
86.531476    90.366581
165.427322    89.144634
86.341961    80.231733
83.249794    67.378096
68.446582    70.728194
116.150090    104.322712
41.564847    132.368070
64.100272    124.028245
133.826304    53.434308
171.060550    78.395235
171.017094    155.167161
157.298842    49.075618
98.364840    95.409567
121.628600    70.916661
132.502533    161.347887
75.868252    70.185677
64.106860    81.176543
137.568024    102.911616
45.936488    103.104525
86.643227    79.324899
74.396796    69.054441
89.732410    94.745579
150.648280    114.048906
59.287069    116.342470
75.598057    106.924425
78.524524    87.800867
146.458847    145.421673
62.645500    75.661482
72.483949    84.946221
144.537105    106.239154
58.347687    112.957398
98.211193    96.062846
75.926062    70.236233
64.818733    80.769841
134.992255    101.730641
85.741548    81.118692
88.993207    72.558189
76.145754    67.696672
89.371642    94.526001
152.176652    115.649578
33.366402    145.034770
72.888131    100.526185
80.171492    98.203396
63.140260    76.193858
83.321394    89.298404
165.105413    91.032668
71.053166    95.915420
86.758699    74.762587
72.973677    66.497385
103.084915    101.744792
57.349596    119.210217
68.606974    112.972506
150.184253    50.086063
113.673796    78.585360
89.379153    98.285282
58.993542    94.055239
78.846052    91.834934
152.753535    148.228453
71.422852    69.673960
86.531476    90.366581
165.427322    89.144634
86.341961    80.231733
83.249794    67.378096
68.446582    70.728194
116.150090    104.322712
41.564847    132.368070
64.100272    124.028245
133.826304    53.434308
171.060550    78.395235
171.017094    155.167161
157.298842    49.075618
98.364840    95.409567
121.628600    70.916661
132.502533    161.347887
75.868252    70.185677
64.106860    81.176543
137.568024    102.911616
45.936488    103.104525
86.643227    79.324899
74.396796    69.054441
89.732410    94.745579
150.648280    114.048906
59.287069    116.342470
75.598057    106.924425
78.524524    87.800867
146.458847    145.421673
62.645500    75.661482
72.483949    84.946221
144.537105    106.239154
58.347687    112.957398
