106.506215    111.669654
75.409698    82.308946
87.444785    94.175573
101.928946    112.034174
84.301387    90.216121
88.647982    95.809417
82.816018    90.311276
88.226243    95.158283
72.495816    78.986164
86.768724    92.788964
89.394267    94.088097
94.329452    98.681570
109.815457    99.434802
85.259027    88.478914
85.248091    88.433868
86.966850    93.246710
88.395079    95.492188
85.792801    87.996399
86.664415    92.598352
72.464090    72.565061
73.074181    79.676678
87.138609    88.028684
86.333893    91.690945
86.077026    89.572973
69.545436    72.191282
86.022752    91.137348
72.971546    72.728024
74.177924    95.003338
87.389489    88.546519
76.925151    93.702755
65.469299    94.122309
109.615199    99.043205
106.325232    100.928195
72.032600    72.295867
86.593225    92.197593
94.768115    100.636856
69.020739    70.832618
83.161356    90.275044
90.462605    97.842105
80.896328    90.405167
95.441883    99.409023
88.129818    95.057063
65.585984    73.698562
70.316192    72.187379
74.433478    79.294633
74.592261    91.104121
87.066786    90.419197
109.186855    101.345344
89.421511    97.018210
72.662318    76.244923
68.596313    86.886578
80.061820    90.799928
86.372076    88.022516
63.493557    98.858048
63.028987    73.772164
88.339773    93.470178
60.525982    70.123457
62.967198    74.322968
86.292374    89.638052
84.598927    91.907557
85.490006    91.373506
85.299100    88.626855
84.069905    92.194501
71.913412    90.736574
74.825175    80.897400
76.059293    89.052648
86.980004    87.919814
92.925519    97.454967
79.386199    84.167192
71.886059    87.140121
86.015571    88.121559
86.180677    91.156815
100.484896    101.559056
77.728231    85.232090
72.074298    88.148819
97.810085    72.251419
123.340975    100.857564
78.984925    88.407976
123.264418    101.078913
121.548819    100.746799
87.054317    91.323536
78.541712    100.551753
95.972982    103.311854
99.954910    97.605032
121.587460    100.726424
52.211632    61.112725
60.642726    86.400943
83.574783    90.142939
102.488018    98.662887
51.241359    50.000232
53.150099    61.599101
112.599141    102.544949
122.317583    100.221961
86.532336    90.836126
79.794449    101.016379
82.626048    102.426034
98.622550    97.746970
113.889234    103.151605
51.775272    55.391207
60.809462    86.313532
99.691923    112.585672
53.987921    65.449821
75.455711    99.408288
52.981384    60.299633
75.194040    92.156298
106.050633    120.022388
52.996382    61.947346
54.258970    51.242507
75.387954    92.481387
79.314149    100.631902
61.363582    86.372725
81.936844    89.494069
82.120945    101.850349
93.173973    95.519961
117.391515    104.483833
84.649614    118.883807
101.710828    113.294113
54.268067    51.385453
61.578044    86.521809
53.854596    98.812537
63.535504    87.143192
50.031459    52.077187
78.484361    100.223682
129.141962    101.701452
109.508927    120.115103
51.247400    87.559690
81.847225    89.792611
74.999193    92.414664
73.219123    71.558720
59.648595    66.896517
56.052849    71.111465
87.401981    91.327807
56.148991    52.880303
55.489019    67.888384
50.389816    48.964856
54.187949    63.464897
54.738423    52.171671
56.126448    66.802591
62.799870    86.651257
52.441772    56.302478
47.572732    65.839577
60.426828    86.292531
39.688422    46.491004
53.834757    52.159808
46.710447    64.062632
47.620625    86.071627
57.361186    87.697068
79.764854    90.820494
78.603114    100.280369
90.680661    92.942322
131.113694    102.714099
94.585174    108.429799
101.735995    109.515609
97.810085    72.251419
123.340975    100.857564
78.984925    88.407976
123.264418    101.078913
121.548819    100.746799
87.054317    91.323536
78.541712    100.551753
95.972982    103.311854
99.954910    97.605032
121.587460    100.726424
52.211632    61.112725
60.642726    86.400943
83.574783    90.142939
102.488018    98.662887
51.241359    50.000232
53.150099    61.599101
112.599141    102.544949
122.317583    100.221961
86.532336    90.836126
79.794449    101.016379
82.626048    102.426034
98.622550    97.746970
113.889234    103.151605
51.775272    55.391207
60.809462    86.313532
99.691923    112.585672
53.987921    65.449821
75.455711    99.408288
52.981384    60.299633
75.194040    92.156298
106.050633    120.022388
52.996382    61.947346
54.258970    51.242507
75.387954    92.481387
79.314149    100.631902
61.363582    86.372725
81.936844    89.494069
82.120945    101.850349
93.173973    95.519961
117.391515    104.483833
84.649614    118.883807
101.710828    113.294113
54.268067    51.385453
61.578044    86.521809
53.854596    98.812537
63.535504    87.143192
50.031459    52.077187
78.484361    100.223682
129.141962    101.701452
109.508927    120.115103
51.247400    87.559690
81.847225    89.792611
74.999193    92.414664
73.219123    71.558720
59.648595    66.896517
56.052849    71.111465
87.401981    91.327807
56.148991    52.880303
55.489019    67.888384
50.389816    48.964856
54.187949    63.464897
54.738423    52.171671
56.126448    66.802591
62.799870    86.651257
52.441772    56.302478
47.572732    65.839577
60.426828    86.292531
39.688422    46.491004
53.834757    52.159808
46.710447    64.062632
47.620625    86.071627
57.361186    87.697068
79.764854    90.820494
78.603114    100.280369
90.680661    92.942322
131.113694    102.714099
94.585174    108.429799
101.735995    109.515609
