45.401583    91.555708
77.030075    87.330432
77.188432    87.329266
41.455757    84.838917
62.754370    60.564584
62.556228    60.406677
77.334587    87.606485
77.353019    87.521211
57.359420    63.114886
77.487858    87.579663
34.628212    103.065751
62.797549    60.943258
32.879840    111.028539
45.675002    93.439648
59.500700    92.470297
38.856280    86.062013
67.351009    96.885263
69.614812    114.851337
66.392527    120.521877
67.561453    120.563256
55.197715    50.627741
59.080852    85.138507
51.815478    72.271097
118.636489    75.502621
57.222892    63.258365
97.450472    99.329433
37.709925    115.662507
90.426715    97.507502
70.957387    108.995757
118.762896    75.384530
101.785222    109.434237
82.769032    100.925850
69.156401    113.620505
96.020987    94.878759
66.919870    103.730787
70.193419    107.598217
62.171353    120.902497
92.130033    100.666073
40.346418    76.445579
63.945419    88.094810
77.563199    87.641845
33.600859    102.435913
53.700783    92.161461
42.977232    118.001559
56.152048    108.009784
119.262229    75.306996
96.949463    99.172579
62.577848    61.437279
77.544481    87.884488
86.723483    99.125314
67.016464    103.587055
85.241862    99.822470
112.227241    126.363029
61.343592    84.596950
