85.533576    100.670168
64.713712    115.112709
83.059183    92.955760
80.894165    88.754209
81.866825    93.948497
82.999768    87.756200
82.726182    93.674946
72.394717    99.027813
77.570217    102.095285
84.073198    88.687687
73.366605    74.697296
76.013147    90.711682
68.725089    83.654926
68.437877    83.830510
70.945620    94.204219
73.452978    84.679134
73.560567    93.481715
48.374247    48.946912
71.664727    75.378123
75.217021    90.456246
70.562713    94.418225
71.093526    75.443562
74.208034    91.378536
72.177310    75.231226
56.841091    101.091426
59.179017    49.097466
71.669057    75.685647
71.058894    94.160568
74.660898    91.368009
67.061555    107.233889
49.782605    97.699736
