54.396232    66.867598
47.498329    91.352468
63.505657    113.282503
80.985096    104.683955
54.624538    66.473007
84.634358    102.130258
86.867959    110.050205
74.828438    107.699796
86.686840    103.282089
125.869744    113.952571
79.063532    76.872684
75.431735    76.299248
78.043012    102.629382
93.703256    116.318050
103.556866    113.983368
43.570082    79.989182
78.029575    102.588017
102.597875    111.760848
47.529682    90.506282
85.145506    97.460794
58.971917    109.846378
83.007020    103.681571
91.258010    103.166707
42.682285    79.436046
57.560463    85.918390
119.157255    96.384004
125.362259    113.152624
93.651670    116.335969
126.453138    114.007791
97.470704    115.386682
87.504930    97.674226
120.496881    97.456338
44.521063    113.395249
89.853425    97.727666
110.417949    112.441307
79.852316    75.357629
37.879231    78.842031
72.485706    88.782411
84.389266    97.115951
51.901142    109.224007
87.671524    110.789852
115.425039    108.567745
45.987743    81.079531
38.959959    93.334259
65.748673    88.102162
69.938108    97.578790
55.823008    109.081840
71.096593    101.669099
