41.613798    74.001357
72.103309    81.073213
86.209406    87.619770
105.558327    90.051058
70.136833    90.381977
73.978365    89.746378
92.280611    92.483996
109.692330    94.767040
57.669118    107.480494
80.328131    85.805252
92.336309    88.952162
114.703252    84.183701
67.474746    95.317929
73.514868    90.771655
79.213273    87.789238
96.043028    93.566400
64.903625    101.665902
70.237811    101.716422
108.810982    67.218558
76.871497    82.620000
84.708648    81.729267
79.086129    97.080475
93.003995    88.932131
114.267460    83.408081
70.528161    90.420648
76.795796    89.543347
81.428275    89.375986
59.650048    103.964019
104.093229    67.292270
114.990145    79.392123
42.858337    95.852945
113.024797    108.458949
110.428277    67.470418
38.579736    73.279590
71.616817    81.023325
86.071061    87.241681
105.695091    90.208689
58.243422    92.504797
71.023077    90.578847
79.589320    90.282017
92.101195    92.402748
108.742564    94.119287
65.368014    101.101579
74.928856    100.861252
80.509861    85.901313
88.919954    88.075398
107.362628    91.257152
64.264506    99.653542
55.549896    91.519065
37.024984    101.001582
42.377833    74.027968
100.164930    78.934750
84.598195    81.803980
70.696800    91.567565
99.898757    92.735256
106.993743    99.662502
58.139239    106.459350
72.232705    100.790929
101.636907    108.186521
79.505273    86.065655
92.872072    88.841680
114.182488    83.637030
62.437195    99.830075
75.393479    89.716762
81.468278    89.378645
89.153687    91.161860
78.279621    82.954139
108.878258    107.702171
115.966245    78.992938
56.268901    91.233907
108.878261    67.162328
71.334417    81.060195
55.416172    92.355988
51.087393    94.521197
39.646575    73.854122
104.300179    67.227481
71.284937    80.975995
78.244163    86.593226
71.892177    81.074945
114.096711    83.353598
55.966123    91.302506
41.613798    74.001357
72.103309    81.073213
86.209406    87.619770
105.558327    90.051058
70.136833    90.381977
73.978365    89.746378
92.280611    92.483996
109.692330    94.767040
57.669118    107.480494
80.328131    85.805252
92.336309    88.952162
114.703252    84.183701
67.474746    95.317929
73.514868    90.771655
79.213273    87.789238
96.043028    93.566400
64.903625    101.665902
70.237811    101.716422
108.810982    67.218558
76.871497    82.620000
84.708648    81.729267
79.086129    97.080475
93.003995    88.932131
114.267460    83.408081
70.528161    90.420648
76.795796    89.543347
81.428275    89.375986
59.650048    103.964019
104.093229    67.292270
114.990145    79.392123
42.858337    95.852945
113.024797    108.458949
110.428277    67.470418
38.579736    73.279590
71.616817    81.023325
86.071061    87.241681
105.695091    90.208689
58.243422    92.504797
71.023077    90.578847
79.589320    90.282017
92.101195    92.402748
108.742564    94.119287
65.368014    101.101579
74.928856    100.861252
80.509861    85.901313
88.919954    88.075398
107.362628    91.257152
64.264506    99.653542
55.549896    91.519065
37.024984    101.001582
42.377833    74.027968
100.164930    78.934750
84.598195    81.803980
70.696800    91.567565
99.898757    92.735256
106.993743    99.662502
58.139239    106.459350
72.232705    100.790929
101.636907    108.186521
79.505273    86.065655
92.872072    88.841680
114.182488    83.637030
62.437195    99.830075
75.393479    89.716762
81.468278    89.378645
89.153687    91.161860
78.279621    82.954139
108.878258    107.702171
115.966245    78.992938
56.268901    91.233907
108.878261    67.162328
71.334417    81.060195
55.416172    92.355988
51.087393    94.521197
39.646575    73.854122
104.300179    67.227481
71.284937    80.975995
78.244163    86.593226
71.892177    81.074945
114.096711    83.353598
55.966123    91.302506
