79.079759    112.660537
84.161860    115.692766
32.940621    112.775552
66.751697    72.188711
85.091198    115.417048
94.317420    74.350966
89.989899    112.470123
88.387567    86.398633
67.685838    125.073319
116.256247    127.068400
109.970682    129.865997
51.642392    123.544177
88.332169    126.750570
104.095094    126.355557
59.249196    124.192224
60.798848    123.589176
77.168846    125.516608
43.248124    92.584484
85.702028    126.268678
81.477330    90.407938
54.723113    123.590615
61.100296    123.492741
94.247079    74.100975
93.695904    110.685895
59.106371    124.325048
77.139144    125.257526
88.272637    126.765823
87.838166    77.590075
82.539686    90.982202
94.432138    74.567017
86.701327    114.806045
84.913158    82.527402
68.641070    107.761029
42.651931    119.839865
67.102058    72.081406
60.765148    82.113394
84.986531    82.151314
81.463988    90.359973
37.425326    118.121351
92.077475    109.805214
58.548367    124.424529
74.916936    119.630339
91.645173    121.432081
126.259887    71.916562
70.019042    100.239702
86.867638    106.515418
55.812195    118.215566
120.366624    88.744873
42.146549    119.665480
124.115767    89.613458
43.872481    120.072120
36.953573    118.025738
67.340749    72.206690
95.841530    75.095411
37.849069    87.855153
83.013250    116.559959
94.357449    74.519514
