65.494884    76.267229
65.629310    78.807352
65.657169    69.428725
66.673924    80.359753
65.706260    76.507358
86.369448    91.102288
66.626347    68.518044
114.806392    111.613923
65.566370    70.821468
112.396863    109.765682
70.520189    100.179029
69.740188    100.302732
65.634026    72.695938
97.400278    113.825183
71.268796    100.093334
90.240212    116.748989
86.223122    103.274959
87.931390    101.659266
66.154031    73.343425
74.856585    93.258332
86.513557    91.482990
82.182976    93.819927
83.858540    93.746310
88.625023    101.138527
67.698461    65.206413
65.857029    77.620463
84.931623    90.867289
82.629672    92.148432
49.392837    59.342216
50.060479    56.978414
49.153122    60.194917
74.490384    114.702127
75.319726    104.361675
136.505011    82.026886
51.652276    50.670412
129.108736    94.105542
52.602438    49.063778
124.665420    114.898958
109.877125    111.183505
128.399280    93.333891
52.346166    49.221589
129.269627    92.475975
74.660550    111.945859
75.592427    84.275504
49.961254    102.500643
132.165289    80.816564
36.366500    83.566336
37.287126    87.760073
48.952789    58.525659
45.838663    92.820144
83.777967    107.285429
106.514642    100.001910
89.658664    109.487035
89.334276    53.799263
37.955890    62.817609
73.610506    69.103459
51.740250    79.325691
86.431975    77.271458
49.392837    59.342216
50.060479    56.978414
49.153122    60.194917
74.490384    114.702127
75.319726    104.361675
136.505011    82.026886
51.652276    50.670412
129.108736    94.105542
52.602438    49.063778
124.665420    114.898958
109.877125    111.183505
128.399280    93.333891
52.346166    49.221589
129.269627    92.475975
74.660550    111.945859
75.592427    84.275504
49.961254    102.500643
132.165289    80.816564
36.366500    83.566336
37.287126    87.760073
48.952789    58.525659
45.838663    92.820144
83.777967    107.285429
106.514642    100.001910
89.658664    109.487035
89.334276    53.799263
37.955890    62.817609
73.610506    69.103459
51.740250    79.325691
86.431975    77.271458
