39.998166    86.409708
34.999417    80.190749
55.485359    50.926974
73.538612    81.491332
39.693846    87.432963
72.156954    124.632334
73.869503    81.491331
56.743361    116.721923
55.050818    51.335714
73.991595    81.304531
39.961751    86.853893
81.234124    95.171097
34.921987    80.001640
73.900394    81.736423
40.271267    88.661543
41.749336    83.123580
64.855523    102.571363
55.326921    52.247885
99.974713    101.224733
74.034991    81.658331
55.833115    99.574060
39.750824    65.052411
54.905496    101.292246
54.957357    52.072731
48.509147    54.511933
74.208412    81.832800
42.151235    120.086536
94.734951    91.801837
53.147599    75.578680
69.250141    108.440254
55.093929    51.655583
51.170781    76.104666
58.669801    111.382615
67.171926    113.448572
59.728855    119.807645
53.010406    79.029013
74.204360    81.861726
93.279262    87.879576
46.467679    88.220069
61.539374    92.896949
94.813486    91.897913
59.246003    115.849716
70.670017    104.540467
58.496003    80.746208
42.378313    120.051111
49.559290    55.421116
74.466283    82.137340
71.002324    107.356392
40.620390    75.447817
