67.782962    74.541608
96.085567    67.954292
69.049375    74.363906
51.697133    92.045735
54.650120    93.875586
51.293242    107.214555
63.639848    102.414170
71.199848    64.613384
67.751985    74.337968
89.643755    87.337068
55.276376    86.294720
54.893943    82.731053
89.619466    87.318630
68.452521    70.989674
43.700261    84.375874
44.230055    88.044251
45.140602    92.757939
67.662608    95.675038
65.920798    102.483665
75.378608    56.761114
67.984943    71.204880
129.357961    64.477924
83.291815    88.121048
51.588903    91.803756
71.395935    100.755651
54.333505    93.056788
70.474147    101.144680
72.333930    71.397404
45.778015    92.128030
52.995725    92.467546
81.750462    95.048906
83.659788    57.963898
67.714308    74.320047
44.151907    84.583686
102.327485    91.571696
55.651504    86.379683
90.786575    94.061332
61.445049    104.129874
73.924448    99.970004
110.813262    56.264055
55.573856    83.148298
86.597601    87.946145
50.790054    87.805249
86.051974    92.351045
102.889142    95.722310
65.381003    102.446765
68.173946    101.592145
68.598422    85.857479
44.252101    67.518433
128.089375    91.893881
96.379295    99.608780
110.204380    119.739158
42.683642    84.352481
34.835787    85.538651
33.744088    111.941376
79.366752    97.257341
91.238885    94.600821
