77.316290    123.847889
86.156939    92.242310
40.590894    92.595193
53.421779    129.261292
51.326288    129.671610
61.730518    113.475453
68.208731    75.104705
50.854549    129.525842
35.855565    86.439518
75.310119    124.439133
64.205751    87.776959
55.684019    100.783138
68.895420    75.228353
56.296473    130.717143
55.940268    129.325510
51.357713    128.979311
51.297749    119.975027
35.847228    86.503296
36.017774    88.261518
86.947619    123.240377
95.225904    82.152043
41.381361    49.870290
40.918716    110.783545
43.035904    113.305584
62.148929    113.049795
68.758217    75.454663
82.499708    88.134631
116.611902    100.688732
47.417672    118.759532
114.352162    83.988467
116.602208    100.760619
61.894452    112.918539
108.342886    122.418261
64.162340    108.419952
84.644355    126.297693
105.589831    120.654441
57.613013    86.621989
87.584110    83.117032
62.892189    90.995558
72.209078    100.769530
65.818360    106.826019
68.307617    110.110772
52.256964    121.092870
86.900885    123.295111
35.880509    87.880553
56.074021    83.933748
41.124232    50.126970
67.307797    92.834095
81.195533    115.366598
36.053190    87.827908
64.814854    90.789276
80.806388    125.301294
94.244578    81.309029
56.720089    98.147818
125.972498    88.209334
88.995046    124.134378
55.466317    84.108672
97.028327    86.404811
54.134026    96.338496
76.694677    98.156504
129.542386    90.056910
35.119555    112.008240
75.221446    101.612303
56.498361    130.532645
