38.523050    120.698226
57.976140    114.647716
73.574810    99.115161
97.972708    91.788596
111.815666    119.603958
97.326670    72.039226
126.783731    76.035213
125.644605    76.239685
97.674437    91.663774
53.262267    110.382165
98.075278    113.787517
50.812454    112.362158
82.818255    106.476004
95.125266    99.823797
58.321048    114.883172
93.143948    126.636830
125.530594    76.105966
97.611327    91.850043
58.134959    114.895838
109.032170    70.280878
46.917700    116.912052
115.601316    122.289966
125.995232    75.922112
97.607864    91.647261
52.815650    110.653295
86.623027    97.904939
94.022170    107.041292
118.838054    110.075348
65.454875    127.352013
103.501842    129.185608
129.968363    66.609402
97.155807    72.276311
47.095853    116.716567
123.057436    118.396716
58.896273    114.755059
48.045030    88.520057
118.913284    110.150853
93.102458    126.097359
99.668813    108.360878
123.998083    104.469655
123.144864    118.181160
