67.583950    72.350743
90.695570    90.640253
90.734628    90.712119
82.943109    86.913255
51.790061    91.145291
54.878892    92.817154
70.193861    99.082996
51.683750    106.184310
111.558115    112.748762
91.409591    85.837847
64.021039    100.734332
69.823001    62.288686
35.075255    112.060418
66.306354    72.419923
67.569725    72.313064
89.430127    84.818732
69.543234    62.217428
99.115197    63.895811
54.675134    85.273160
110.721389    112.556344
67.677876    52.201031
65.971933    72.037323
57.880482    81.837723
103.339116    124.771133
53.817260    81.673347
88.949283    85.709127
64.533078    84.571650
88.988178    84.781196
66.764416    68.812358
43.053425    84.052925
87.316383    85.096608
43.596048    87.628695
33.237361    106.951268
67.510875    71.885654
44.870686    92.283122
110.525295    112.086299
69.382296    67.412414
67.879338    93.921117
66.432110    100.577001
72.965060    53.941583
66.102178    69.099368
128.101598    59.775494
62.462460    85.346977
47.095474    86.352764
59.714561    85.121091
82.922368    86.011353
51.198720    90.998639
71.673810    98.676751
86.351269    85.735809
53.829189    91.981701
70.646381    99.125753
70.767862    69.179074
134.060250    85.990949
45.341557    91.600581
52.426730    91.423537
81.593857    92.881674
81.563869    54.689851
66.061843    72.388427
103.609518    125.163257
43.324569    84.207036
101.813871    88.232480
111.188687    112.755057
54.762593    85.428947
90.505524    91.398746
109.456456    89.147570
61.947232    102.516004
74.127256    97.834775
109.048391    52.070501
54.468078    82.159305
86.237749    85.729872
114.950459    73.486561
50.120275    87.013882
85.734777    89.956593
102.464941    92.270610
65.954886    100.732339
68.765008    99.788444
105.053103    49.756722
72.705182    69.443540
67.762143    84.341864
