73.205824    77.655229
73.051357    77.382111
78.037002    58.767234
50.195782    72.457485
74.232836    77.316568
96.467850    94.221817
103.504447    99.609961
101.653639    67.074762
107.619438    55.554188
88.241384    89.332825
59.887759    95.010549
96.331313    94.133097
60.079891    112.023246
118.420216    92.649651
111.786069    54.603681
88.075416    90.536614
92.178240    92.378734
59.951956    95.296463
59.168825    95.376277
61.622476    96.600133
78.114929    104.174495
98.852264    98.169020
61.592489    89.373700
87.654628    89.927604
93.210435    88.719053
117.809987    91.735977
60.668734    95.656767
74.092799    97.573692
96.552759    94.157156
57.190869    112.563690
73.692870    76.818089
60.635595    112.820816
120.433884    117.080793
59.520224    94.412688
65.798987    93.277365
95.871631    88.000364
71.623510    105.795677
107.317737    54.465029
58.016888    94.181197
69.909386    89.214172
131.316905    85.757503
71.376791    106.720596
73.359054    65.384750
