77.594519    123.054985
86.102244    91.819831
51.674289    128.288208
40.581997    92.173207
53.651082    128.195318
51.557510    128.604987
61.944234    112.777817
67.828528    74.570413
51.094528    128.548078
35.825131    86.002835
75.519764    123.566384
64.070423    87.369443
55.756367    100.310016
68.547094    74.559864
56.027327    129.255430
91.505467    77.583338
56.088635    128.366969
51.258296    127.642979
54.861429    100.787055
51.503276    119.109490
35.392668    112.111858
35.979748    86.331863
36.179665    88.092219
87.144155    122.521477
95.064548    81.768001
40.992261    49.695300
116.686452    99.985768
41.194015    110.199892
43.278993    112.654288
62.404825    112.483017
68.421426    75.028848
82.442226    87.818527
116.592013    99.807790
47.593869    117.891178
114.155499    83.340348
116.480816    99.966025
62.092435    112.440547
108.449759    121.377599
127.784689    88.181659
84.897006    125.600465
105.686948    119.659307
87.465408    82.808673
128.895018    88.498034
68.401937    109.547265
52.505947    120.488260
87.099527    122.550090
35.729562    87.673561
55.822679    83.604190
