46.212665    93.629595
77.257843    87.818026
77.419348    87.817289
42.036839    87.319320
62.086001    61.957875
102.883989    108.892457
61.885666    61.835531
77.585823    88.081762
77.591904    87.962042
36.284669    106.056019
62.134296    62.337776
34.206359    113.488001
39.474083    88.635830
68.543438    121.641192
69.708891    121.588335
54.160943    52.371721
59.416107    86.524544
52.091546    74.460851
118.217043    74.176196
56.680699    64.711532
97.950685    98.781446
39.976766    118.471710
90.912149    97.298471
72.057299    109.665324
118.329809    74.113679
103.021114    108.722692
83.415089    101.034080
96.363939    94.441142
68.027951    104.685462
71.520671    108.482912
64.328622    122.258223
92.836650    100.396771
41.331572    79.865903
64.530422    89.307292
77.963152    88.171770
35.711178    105.683901
54.708579    93.967324
57.870772    109.773491
119.078196    73.813278
97.700359    98.825117
61.781888    62.449214
77.817822    88.198193
87.483756    99.233329
68.168719    104.487611
86.037187    99.982919
114.124579    125.162905
61.526493    85.697458
57.069888    64.627160
70.171395    121.678269
65.505934    97.718912
