117.887855    94.183210
116.147262    63.052842
61.676590    99.889176
77.341478    89.552783
115.767725    63.535951
79.408781    88.199122
63.134831    97.624165
135.661939    80.871136
76.557648    89.455199
134.208902    72.485760
62.824076    97.893773
112.415611    91.494766
122.280345    104.836690
115.702948    64.101752
121.850303    110.091214
81.130287    112.809821
118.225771    92.897406
82.212384    111.466299
108.942434    84.103105
62.207779    96.633685
46.597659    113.534231
80.786319    110.859813
103.363283    102.719573
39.242808    109.500754
38.634371    108.948302
41.913394    113.972742
82.327189    111.469817
121.779214    109.437814
62.590423    96.624711
116.441478    97.986093
122.074014    105.521180
46.659451    112.509553
80.766654    110.508157
98.917475    104.333396
121.083867    110.604279
38.658085    109.222982
103.392963    102.738761
40.082615    111.652572
82.327490    111.452350
111.156536    107.038827
61.293574    97.901630
122.117470    103.421839
79.473559    87.874421
128.399520    53.046973
117.626834    92.737685
124.462856    89.781433
38.347898    108.785117
103.299209    102.563729
40.069280    111.680881
46.422338    113.033329
81.631319    113.969976
107.606793    117.619387
133.993507    72.095955
90.664106    80.919420
111.703614    82.708679
108.526150    84.251301
92.052267    104.953378
115.931577    63.492617
91.190381    80.883516
78.530436    120.645564
37.803721    107.821822
130.743935    73.781748
113.741218    91.055105
40.518108    112.983963
61.584121    97.339586
102.843969    101.956544
42.582308    115.890739
46.280450    114.462302
