74.850477    126.630072
86.226420    94.743635
60.776510    114.811002
71.266699    77.027636
38.421577    85.592509
73.267069    127.506960
65.735193    88.307855
56.297821    101.177560
33.835465    71.353655
50.923624    130.649097
33.523388    71.489926
38.488874    85.507516
84.266381    126.567388
96.077301    85.398102
47.579799    49.345536
41.165800    110.536988
71.891656    77.312123
82.909582    90.056067
60.915849    114.243963
105.695191    127.760342
103.107789    125.822160
51.144540    121.812872
84.041137    126.620254
38.388074    87.218285
58.342155    83.863217
47.139691    49.491862
79.177291    118.342357
38.455959    86.925571
65.893691    91.374561
78.265138    128.530666
95.255151    84.527336
57.189846    98.282171
86.398533    127.985014
57.727820    84.081742
97.607885    89.826180
55.143218    96.487067
35.657947    111.994059
71.860586    76.975550
64.175348    112.422754
71.910390    121.190374
55.707715    79.502380
65.901929    91.629076
84.658770    88.793633
86.039135    88.062374
100.484211    90.746327
71.892718    77.026379
61.972699    113.452750
84.109364    127.348161
33.607833    71.537591
39.328776    113.782528
64.785056    107.142442
66.331916    112.319292
63.093580    116.001081
78.329783    128.785616
84.590994    126.050473
104.073595    127.335388
40.757415    56.705534
58.417797    85.013424
95.557512    84.818570
82.571519    90.506053
46.956605    49.684713
98.002553    90.026440
103.935500    126.892749
84.341305    127.319267
