85.964586    83.781625
80.806538    81.334512
84.513312    79.494087
82.779999    76.727084
80.387900    75.927569
76.955101    83.333974
79.970398    82.616167
74.968249    83.459509
78.897143    76.642844
86.438410    78.640134
95.681249    76.045278
75.679571    83.512494
83.077423    76.425345
67.638713    91.729336
80.453086    76.002457
86.971193    81.909512
87.824109    84.194243
81.666943    77.913199
86.882451    97.488345
84.369172    77.617570
74.061802    85.241900
76.941162    78.876816
90.259209    77.922519
73.355678    78.429292
86.525063    84.831543
77.535385    79.486861
82.105269    79.660859
86.163361    80.285241
75.669245    87.828516
85.455820    80.595249
73.201546    76.948362
79.229344    82.346866
77.567800    79.827984
80.125797    76.991156
74.878866    75.568875
74.677488    83.211447
73.628982    76.446131
75.256861    77.591833
77.911909    76.905249
74.806873    79.343782
80.898296    79.205397
89.573880    91.707904
87.081262    81.604167
77.499493    76.777270
83.715142    75.958325
81.174481    84.320547
86.926877    88.988364
113.272384    88.462650
103.523560    63.700078
108.861512    63.971129
62.070977    76.645773
113.502655    88.416559
48.738538    75.883234
101.078811    62.396117
86.069464    89.236445
101.593419    71.715791
49.833535    75.577692
100.067903    76.040776
109.008264    63.981945
62.305125    76.719058
100.173493    75.938837
121.646822    64.001385
81.613298    86.609257
100.811257    74.366579
116.044953    65.820232
73.682177    88.614559
91.411357    92.716458
73.637864    100.209601
90.265892    102.500490
85.664746    90.541749
62.151462    82.788354
66.887170    100.498484
90.518019    102.909445
115.328626    88.650397
82.679827    78.671032
79.691136    87.906700
82.261687    90.445249
89.715234    101.405711
82.658232    78.603266
62.167147    76.426912
66.005793    102.982905
72.759700    99.138402
108.972630    63.799354
73.502864    100.048775
107.185048    106.108143
101.389834    71.708467
62.084085    83.360452
108.946889    79.446458
66.243518    96.707826
69.096445    94.301963
109.569154    100.730893
54.501802    101.800439
107.079124    107.648961
62.268121    76.616253
65.380516    96.656017
102.121253    93.763145
58.371509    111.255605
66.645952    100.749021
89.279265    103.052450
82.695466    78.605203
115.772408    88.737701
62.244989    76.785034
108.818541    63.825740
48.649047    75.535823
64.831530    95.404550
75.086075    88.063411
90.516947    90.901540
115.526365    88.760417
113.146325    88.552922
91.814286    90.946532
49.309556    75.560258
102.827955    96.050278
115.795479    88.737154
76.506073    86.790172
82.554193    78.530654
78.681699    86.919963
81.425942    86.420239
79.108408    87.122745
121.868007    63.756958
76.495387    86.995402
113.538504    88.463265
100.832452    103.474818
57.382622    111.785892
110.898931    110.620169
115.698941    88.949170
55.336787    101.994588
87.356362    90.328284
95.173488    95.172019
43.726568    108.664476
107.837191    107.162244
113.272384    88.462650
103.523560    63.700078
108.861512    63.971129
62.070977    76.645773
113.502655    88.416559
48.738538    75.883234
101.078811    62.396117
86.069464    89.236445
101.593419    71.715791
49.833535    75.577692
100.067903    76.040776
109.008264    63.981945
62.305125    76.719058
100.173493    75.938837
121.646822    64.001385
81.613298    86.609257
100.811257    74.366579
116.044953    65.820232
73.682177    88.614559
91.411357    92.716458
73.637864    100.209601
90.265892    102.500490
85.664746    90.541749
62.151462    82.788354
66.887170    100.498484
90.518019    102.909445
115.328626    88.650397
82.679827    78.671032
79.691136    87.906700
82.261687    90.445249
89.715234    101.405711
82.658232    78.603266
62.167147    76.426912
66.005793    102.982905
72.759700    99.138402
108.972630    63.799354
73.502864    100.048775
107.185048    106.108143
101.389834    71.708467
62.084085    83.360452
108.946889    79.446458
66.243518    96.707826
69.096445    94.301963
109.569154    100.730893
54.501802    101.800439
107.079124    107.648961
62.268121    76.616253
65.380516    96.656017
102.121253    93.763145
58.371509    111.255605
66.645952    100.749021
89.279265    103.052450
82.695466    78.605203
115.772408    88.737701
62.244989    76.785034
108.818541    63.825740
48.649047    75.535823
64.831530    95.404550
75.086075    88.063411
90.516947    90.901540
115.526365    88.760417
113.146325    88.552922
91.814286    90.946532
49.309556    75.560258
102.827955    96.050278
115.795479    88.737154
76.506073    86.790172
82.554193    78.530654
78.681699    86.919963
81.425942    86.420239
79.108408    87.122745
121.868007    63.756958
76.495387    86.995402
113.538504    88.463265
100.832452    103.474818
57.382622    111.785892
110.898931    110.620169
115.698941    88.949170
55.336787    101.994588
87.356362    90.328284
95.173488    95.172019
43.726568    108.664476
107.837191    107.162244
