67.477443    96.647234
90.809489    89.053817
92.603828    69.867975
115.434106    74.596916
90.860886    88.949647
44.180545    107.043862
90.451084    109.581784
41.786830    108.811968
76.539469    103.302582
49.480046    111.399128
116.362132    74.527002
49.189838    111.478753
103.367785    68.649662
107.027182    118.857162
116.109324    74.400484
90.686835    88.934194
110.143615    106.964297
55.176230    123.302130
124.636601    65.567227
92.800554    70.164576
38.275896    112.902955
50.205491    111.373393
38.888853    84.548806
110.099780    106.992975
83.358781    121.959547
91.922275    104.165173
115.236148    115.360606
88.674657    80.825769
107.538898    82.611371
69.155784    96.086483
66.039271    95.992874
90.042637    109.597528
114.847629    115.420604
116.353758    73.302489
90.875564    88.751580
92.299076    70.013174
93.619871    125.534499
115.545970    73.386154
36.619333    105.766018
114.034788    75.071477
96.998560    123.274886
106.835729    118.399136
49.624155    111.731226
76.849555    102.957553
110.027940    106.490785
120.268068    49.047705
77.491268    95.014396
91.900154    88.632033
88.365789    94.434970
36.705574    105.888147
40.830723    93.309826
65.293049    96.391502
86.057972    94.817847
90.960652    95.112149
102.845501    115.804368
126.665148    62.289971
114.302251    74.872706
49.687198    111.904336
130.566254    105.460483
84.406566    122.242664
106.843273    118.523157
