67.037482    96.276099
90.637222    88.600645
92.445319    69.340749
116.250206    74.030138
90.739565    88.502583
43.568058    106.524372
90.199647    109.061347
76.240198    102.882485
48.980672    110.850963
116.833962    73.970756
48.744959    110.946734
106.689835    118.283898
116.704464    73.860348
90.578998    88.503771
80.887035    94.826007
87.075561    102.782838
109.785087    106.462117
54.736769    122.831237
92.652796    69.660524
49.564942    110.809416
38.278579    83.851881
109.763320    106.480890
83.527761    121.423998
114.866051    101.397338
114.828784    114.942165
88.417864    80.517847
107.484728    82.174253
68.785762    95.721652
65.392222    95.655939
89.805807    109.089034
114.545542    114.988920
116.246493    72.811188
90.659322    88.277866
92.229817    69.504055
93.334612    124.976785
115.677586    72.976430
35.932266    105.402992
113.868535    74.804977
96.564003    122.859514
106.396464    118.046330
49.077153    111.331111
76.443804    102.731243
80.581248    96.282297
109.624484    106.213973
120.414982    48.315284
77.345018    94.697397
91.769101    88.110563
88.272253    94.109512
35.999461    105.421571
40.254915    92.780842
64.941907    96.015593
85.957536    94.498726
90.821480    94.742598
102.600665    115.252386
126.766298    61.657442
114.307480    74.310595
49.033682    111.327650
130.416267    105.027094
84.075947    121.734341
106.587427    117.968927
120.033273    48.360549
92.413413    69.472609
78.229317    93.476618
121.067343    47.871165
71.936075    83.067668
41.035099    108.537441
59.557191    97.294249
42.695024    106.924306
91.716307    88.068309
49.304126    111.566854
122.612848    114.546853
101.101276    120.933231
126.367257    45.879447
126.834331    61.626305
