68.037306    69.107815
80.210230    115.205007
87.457445    86.860720
63.453955    124.113229
46.096211    119.514762
53.298821    120.857622
41.852468    86.761076
80.462382    89.972194
57.751400    93.388405
55.266052    120.558873
89.246302    111.603065
53.116342    121.069942
71.184831    124.309223
82.122927    127.227201
81.959912    114.782899
64.725343    105.429137
38.878266    115.621776
68.107939    68.887469
60.450553    78.351624
32.646216    112.115465
87.694790    110.448886
52.729592    121.032606
69.538164    118.126382
85.882515    122.131824
53.187617    111.875595
82.948790    106.397953
37.510377    114.338278
39.239254    115.419942
68.309965    68.692888
96.886841    76.442238
36.710557    80.615373
77.921208    115.560104
95.805391    75.694027
65.984426    82.660758
82.977720    83.067911
109.402578    130.859261
68.660516    68.552923
76.566834    115.719130
58.584437    92.144917
62.008461    122.869123
81.595945    127.111542
96.200685    75.638504
58.167355    94.449663
69.016727    68.270307
37.209351    113.295880
41.165590    114.955220
57.543439    120.927889
93.477559    72.191072
121.920465    90.897628
59.198404    121.065783
66.460091    123.395072
65.546987    85.240717
65.652427    107.900938
52.632519    119.191139
64.628020    122.781309
84.799860    121.826531
64.354953    85.146634
87.007324    79.895941
127.255620    80.334813
56.713700    93.954212
71.958500    99.090059
36.008239    104.459548
36.627394    79.809181
36.832142    81.363768
122.241014    91.199405
88.462031    114.706191
96.692500    76.421497
