66.903240    109.908668
59.304537    82.982522
116.429260    122.134020
117.791856    125.358469
83.605639    88.628802
42.001473    114.359259
60.247025    106.752916
115.879983    122.696408
39.911375    109.581998
76.023496    97.973348
66.961449    110.976341
65.575043    125.013563
83.262123    113.542882
40.137657    110.044469
65.523693    124.878842
58.849220    82.333973
101.973543    80.020455
89.877573    115.677712
70.610146    97.180642
96.427291    93.774208
40.191193    109.270960
103.701310    105.525359
99.619229    86.665670
68.610842    97.844201
97.612056    91.835836
91.809465    113.096753
112.608562    127.771449
58.738368    81.775322
69.267350    97.317922
72.920231    97.755596
96.414427    94.033677
42.739568    115.512392
60.450213    110.214766
70.943582    99.339975
