63.480131    112.094905
52.766366    66.726974
93.343072    115.275801
89.184767    105.491572
53.188503    66.626240
81.996829    103.245347
46.196467    91.082980
78.582958    100.488741
61.976579    112.527675
74.137491    107.855227
80.246122    104.140749
131.386353    114.107229
53.415423    66.258465
83.969692    101.580226
74.693863    81.486287
86.031256    109.076258
57.998209    85.834746
73.866570    107.039603
86.017794    102.753349
58.243923    85.125614
55.540394    91.478213
77.967613    76.449040
74.476855    76.142047
115.956921    70.827962
77.083759    102.051442
50.205036    84.288452
92.754071    115.270378
114.071419    107.904011
115.554314    108.834952
102.733980    113.219029
42.832879    80.378710
71.448743    88.491986
77.444367    102.218549
101.811616    111.054584
79.079466    75.262152
115.815995    70.672947
48.198818    83.849547
46.571189    90.557733
84.624930    97.268897
57.890009    109.295015
82.339088    103.274063
90.665482    102.915199
116.637094    71.606121
41.931512    79.804123
56.705175    86.146240
74.013133    81.633019
