45.876689    73.966892
74.905218    81.455112
84.484806    86.010405
102.635364    88.763913
72.434236    88.090368
75.677318    87.345372
89.932575    90.255303
106.741997    93.195192
60.829003    103.636255
72.886302    94.718853
79.948522    84.394578
89.901037    87.317806
111.470760    83.760829
70.220008    92.285231
75.160082    88.194155
79.386884    85.668162
116.135379    98.279514
67.335840    97.910713
71.591665    97.681143
106.723191    67.966885
78.105069    82.649329
83.248695    81.779601
79.389201    93.385463
104.635433    103.925838
90.479921    87.334993
111.138009    82.968597
72.785308    88.105997
77.770917    87.013659
80.893737    86.973455
96.900124    90.947104
62.357841    100.275261
71.248366    99.758912
102.016634    68.123230
112.329209    79.221580
46.504469    93.750021
110.192637    105.835590
108.303737    68.115861
42.475930    73.064689
74.334503    81.263359
99.804801    74.420372
84.275870    85.655269
102.689399    88.874842
61.095553    90.407533
73.084901    88.260812
79.679169    87.711667
89.626236    90.077270
105.649964    92.435931
67.805591    97.502575
75.949066    96.704298
79.984639    92.427242
102.534795    103.218220
80.019826    84.423016
86.732376    86.418824
104.429036    89.830777
66.617289    96.295238
58.028705    89.526270
40.107679    98.518463
46.230223    73.963504
97.318469    78.899559
83.106408    81.751328
72.792855    89.100131
79.062986    85.323842
96.860918    90.735792
103.918059    97.386121
60.834133    102.662913
73.369624    96.986650
79.552580    96.885573
99.493681    105.164130
79.453723    84.481006
90.167430    87.166272
110.802164    83.170602
65.254363    96.464299
76.675628    87.294707
80.888655    86.958015
86.860407    88.756663
78.874752    82.900310
106.241787    105.012796
78.776033    85.065762
113.255908    78.879827
58.960946    89.391240
106.700169    67.913719
45.876689    73.966892
74.905218    81.455112
84.484806    86.010405
102.635364    88.763913
72.434236    88.090368
75.677318    87.345372
89.932575    90.255303
106.741997    93.195192
60.829003    103.636255
72.886302    94.718853
79.948522    84.394578
89.901037    87.317806
111.470760    83.760829
70.220008    92.285231
75.160082    88.194155
79.386884    85.668162
116.135379    98.279514
67.335840    97.910713
71.591665    97.681143
106.723191    67.966885
78.105069    82.649329
83.248695    81.779601
79.389201    93.385463
104.635433    103.925838
90.479921    87.334993
111.138009    82.968597
72.785308    88.105997
77.770917    87.013659
80.893737    86.973455
96.900124    90.947104
62.357841    100.275261
71.248366    99.758912
102.016634    68.123230
112.329209    79.221580
46.504469    93.750021
110.192637    105.835590
108.303737    68.115861
42.475930    73.064689
74.334503    81.263359
99.804801    74.420372
84.275870    85.655269
102.689399    88.874842
61.095553    90.407533
73.084901    88.260812
79.679169    87.711667
89.626236    90.077270
105.649964    92.435931
67.805591    97.502575
75.949066    96.704298
79.984639    92.427242
102.534795    103.218220
80.019826    84.423016
86.732376    86.418824
104.429036    89.830777
66.617289    96.295238
58.028705    89.526270
40.107679    98.518463
46.230223    73.963504
97.318469    78.899559
83.106408    81.751328
72.792855    89.100131
79.062986    85.323842
96.860918    90.735792
103.918059    97.386121
60.834133    102.662913
73.369624    96.986650
79.552580    96.885573
99.493681    105.164130
79.453723    84.481006
90.167430    87.166272
110.802164    83.170602
65.254363    96.464299
76.675628    87.294707
80.888655    86.958015
86.860407    88.756663
78.874752    82.900310
106.241787    105.012796
78.776033    85.065762
113.255908    78.879827
58.960946    89.391240
106.700169    67.913719
