75.638945    116.501340
104.317327    128.069363
79.401126    110.293549
53.684010    91.893883
84.420076    112.990433
101.455967    128.164701
88.251874    123.001758
102.432355    128.379241
65.148680    70.298254
102.467217    77.250117
85.383532    112.542098
93.616514    72.444508
90.258582    110.067608
76.859001    122.085514
110.994767    127.102178
63.144137    86.943162
42.813089    92.223726
67.317468    85.247308
41.329359    118.601003
81.142254    108.672380
65.108815    121.876224
76.969645    122.322009
88.083625    84.778948
66.806914    121.965855
109.875745    127.427682
117.037157    123.762338
110.957117    126.952271
40.675175    91.024349
50.638407    121.849525
92.331187    107.100750
88.891712    123.811590
104.836066    123.460044
65.716942    88.059502
59.594846    93.900609
102.586806    100.744055
58.421222    120.807197
60.388241    121.085071
85.307297    79.784864
77.134270    122.426558
42.560768    91.824069
86.505994    123.235735
80.855471    88.249124
59.853369    95.803141
54.839084    121.290614
60.703006    120.479917
93.588856    72.862867
95.746651    79.952094
93.886339    108.612818
58.625234    121.354597
77.147045    122.220440
88.963011    124.017107
87.216019    76.376634
81.943710    88.871365
56.593759    116.319910
65.757303    71.333496
93.721725    74.177475
39.956045    109.892825
87.021846    112.544136
47.672826    79.573662
84.521558    82.267334
66.736354    98.148857
68.852439    106.326450
42.378611    118.943019
66.008493    71.561017
60.244123    82.238112
84.659665    82.205363
81.151902    89.256568
36.536743    117.168697
54.856797    112.257774
92.258127    108.381962
58.614043    123.061520
75.446538    118.113300
92.181868    119.668677
110.479632    127.663271
38.693430    82.576867
56.029612    87.349355
124.523606    85.289541
65.954462    97.851280
76.265682    95.062294
58.303543    114.872260
70.304108    100.002240
87.136575    105.333015
56.025671    117.424928
