82.095952    101.792879
52.824195    82.374229
77.312878    93.593287
63.220382    68.096147
77.284010    95.953045
78.666384    84.675775
79.962005    94.800234
52.940244    68.194212
74.615534    104.426581
50.401666    66.777452
80.068900    91.370394
69.285718    82.086619
62.305342    68.442646
79.671237    89.588596
68.823904    92.321303
59.619052    84.836305
59.476967    85.052290
63.369057    96.580907
63.218304    75.403705
67.959013    92.014518
63.378105    96.539940
49.539751    49.820804
62.493524    75.519065
67.878892    92.791422
38.051596    48.253140
49.272558    49.310212
63.617702    75.610640
63.942242    96.385146
68.327974    93.002084
60.924879    109.792384
42.501703    100.159979
63.784371    75.523035
47.712491    79.411285
47.357698    78.135762
