70.479440    75.875505
98.185442    71.309049
71.713351    75.795828
91.086839    96.647520
91.044126    96.685105
54.753651    93.249863
49.744963    108.575873
74.457810    66.037506
74.737523    66.246379
74.759250    56.137241
90.592350    90.283377
71.596931    72.308055
65.764848    105.643639
79.483059    58.616283
70.808287    72.152405
83.652323    89.937452
70.506852    103.328135
70.073644    103.979438
75.208346    72.861174
45.857812    90.394778
81.580559    97.249613
102.880988    96.310988
73.433328    102.827143
56.662750    82.126311
86.088264    94.899188
103.421995    100.839927
65.821817    105.844397
68.609001    105.223652
47.175551    65.846859
127.960768    97.901863
95.815475    103.252067
107.986392    125.239557
35.530402    82.882837
78.788791    98.886575
91.021138    97.148307
128.046025    97.352270
47.503695    65.662152
108.143635    125.126699
83.558288    96.078058
59.192312    106.856299
70.372425    75.780670
128.605338    97.854075
43.947770    82.725280
71.728146    76.274343
116.825105    88.067585
45.282040    83.632623
45.519083    91.232168
78.987417    96.310426
43.053997    82.166154
80.181087    94.909995
63.466652    105.232261
76.620860    101.097539
