83.188949    101.224249
53.167382    62.107135
67.373711    67.878706
79.179623    95.081850
81.470069    94.124942
67.604737    101.238853
77.291676    102.608248
54.092286    68.962282
81.355652    91.381739
72.087204    83.192920
81.557297    88.765305
71.442994    91.448617
62.932670    83.956266
62.652345    84.095821
66.062615    95.354719
41.080009    46.055395
70.652367    91.187948
65.989601    95.390318
54.044850    47.903418
65.579702    74.861174
70.424709    91.803475
42.801987    45.909705
52.001087    102.609317
52.496212    47.385229
66.414909    74.758686
66.411766    95.253143
70.727816    92.003003
45.283213    98.854351
