45.766129    121.218881
65.456472    114.961645
78.379100    99.661520
65.225380    115.146573
124.569620    69.403790
105.040149    92.909510
118.592921    120.430617
72.557352    102.226772
102.035719    72.220146
135.362494    75.784111
134.270276    75.991231
105.365737    92.727202
60.965843    110.536294
105.001223    115.424225
58.700496    112.576629
72.454142    100.036677
88.279727    107.663437
101.085587    101.447577
65.794766    115.150559
100.901087    127.562795
134.300063    76.034018
105.399971    92.955243
136.143887    63.097705
