79.339733    78.710392
72.522758    80.414518
70.958198    74.576501
70.037707    87.051571
71.897771    84.987354
87.119418    82.482288
70.130812    77.486235
66.129825    93.646348
74.125290    80.969729
81.748117    77.499947
79.775222    74.036498
73.817030    72.629501
70.095853    88.148322
67.297311    85.473891
77.440082    82.005094
66.407116    83.554347
80.438232    72.345517
75.722326    72.964065
73.264321    84.118027
80.470875    80.841537
60.142012    80.707462
66.616402    84.436982
82.038344    75.232049
65.954095    91.535065
74.801027    75.970785
79.457497    74.624765
86.848953    79.441100
71.522009    72.418172
74.433541    81.013236
79.864804    77.479113
81.266728    91.807881
84.645371    89.974961
82.808561    76.276679
74.426544    82.457688
73.790043    75.768294
78.958657    83.703244
93.496356    89.969197
74.415651    74.561332
75.959035    80.270119
86.088082    81.408813
45.718007    106.243152
67.119067    96.172162
92.079873    86.481924
85.131642    74.122551
88.973321    73.326789
65.676143    80.068500
76.206405    80.850928
85.612216    86.799930
72.100934    93.686963
75.611130    82.880367
92.558451    86.736938
83.970728    73.868451
65.656553    80.063154
76.215740    82.406018
77.422271    83.601625
91.987770    94.548116
83.193574    78.192391
53.236826    79.590186
82.135432    79.810249
89.320956    73.425611
65.768632    79.910612
82.065716    79.763720
91.017032    72.802034
100.515757    71.290739
85.453760    74.076146
92.128701    102.991349
76.196269    82.403322
82.767278    79.281879
93.249303    97.885257
96.465000    104.609310
82.426369    79.906151
92.268357    94.347168
98.677002    105.495305
89.581867    73.386743
47.025430    106.380494
92.237289    86.469414
95.412610    73.440209
94.081385    86.876937
69.613718    90.097689
73.495120    84.368850
79.888585    86.041968
88.282489    89.530486
72.016212    93.213782
80.614360    92.966816
77.448941    84.163669
55.588700    102.956333
81.799188    80.308824
65.778462    83.510051
88.420811    112.000460
67.257907    94.817452
80.986889    93.684108
93.659894    86.743680
57.363410    98.955424
76.227950    80.866450
64.782348    92.018129
69.493886    87.664404
75.805608    83.221948
76.506966    84.413403
80.521479    92.565657
45.718007    106.243152
67.119067    96.172162
92.079873    86.481924
85.131642    74.122551
88.973321    73.326789
65.676143    80.068500
76.206405    80.850928
85.612216    86.799930
72.100934    93.686963
75.611130    82.880367
92.558451    86.736938
83.970728    73.868451
65.656553    80.063154
76.215740    82.406018
77.422271    83.601625
91.987770    94.548116
83.193574    78.192391
53.236826    79.590186
82.135432    79.810249
89.320956    73.425611
65.768632    79.910612
82.065716    79.763720
91.017032    72.802034
100.515757    71.290739
85.453760    74.076146
92.128701    102.991349
76.196269    82.403322
82.767278    79.281879
93.249303    97.885257
96.465000    104.609310
82.426369    79.906151
92.268357    94.347168
98.677002    105.495305
89.581867    73.386743
47.025430    106.380494
92.237289    86.469414
95.412610    73.440209
94.081385    86.876937
69.613718    90.097689
73.495120    84.368850
79.888585    86.041968
88.282489    89.530486
72.016212    93.213782
80.614360    92.966816
77.448941    84.163669
55.588700    102.956333
81.799188    80.308824
65.778462    83.510051
88.420811    112.000460
67.257907    94.817452
80.986889    93.684108
93.659894    86.743680
57.363410    98.955424
76.227950    80.866450
64.782348    92.018129
69.493886    87.664404
75.805608    83.221948
76.506966    84.413403
80.521479    92.565657
45.718007    106.243152
67.119067    96.172162
92.079873    86.481924
85.131642    74.122551
88.973321    73.326789
65.676143    80.068500
76.206405    80.850928
85.612216    86.799930
72.100934    93.686963
75.611130    82.880367
92.558451    86.736938
83.970728    73.868451
65.656553    80.063154
76.215740    82.406018
77.422271    83.601625
91.987770    94.548116
83.193574    78.192391
53.236826    79.590186
82.135432    79.810249
89.320956    73.425611
65.768632    79.910612
82.065716    79.763720
91.017032    72.802034
100.515757    71.290739
85.453760    74.076146
92.128701    102.991349
76.196269    82.403322
82.767278    79.281879
93.249303    97.885257
96.465000    104.609310
82.426369    79.906151
92.268357    94.347168
98.677002    105.495305
89.581867    73.386743
47.025430    106.380494
92.237289    86.469414
95.412610    73.440209
94.081385    86.876937
69.613718    90.097689
73.495120    84.368850
79.888585    86.041968
88.282489    89.530486
72.016212    93.213782
80.614360    92.966816
77.448941    84.163669
55.588700    102.956333
81.799188    80.308824
65.778462    83.510051
88.420811    112.000460
67.257907    94.817452
80.986889    93.684108
93.659894    86.743680
57.363410    98.955424
76.227950    80.866450
64.782348    92.018129
69.493886    87.664404
75.805608    83.221948
76.506966    84.413403
80.521479    92.565657
