53.611355    89.729980
67.584946    69.948891
82.184265    114.301469
95.125350    74.730973
88.055258    86.285983
64.911760    121.801008
48.294024    118.577393
55.516059    119.858774
42.709474    88.415333
80.740608    89.388798
57.455904    119.624863
55.411818    120.219718
73.203152    122.722514
81.772093    90.008609
68.048541    70.084100
95.275361    74.832609
66.563810    105.490641
40.977196    114.778907
67.869865    69.778743
60.781636    79.537393
80.806188    89.467555
35.203223    112.484692
55.048450    120.662860
71.813295    117.577507
39.599447    114.632129
41.743129    114.996476
34.503257    112.685352
68.020315    69.622467
96.443006    75.218726
50.518434    79.819524
37.513001    82.910387
80.205301    115.151032
95.089149    74.553049
66.239279    83.257883
83.016416    82.620441
68.189585    69.154174
52.780360    75.737510
78.635434    115.062149
88.462339    77.254854
59.770625    92.665708
74.488028    97.477793
63.459080    120.152289
95.070937    74.346439
59.351713    94.843024
68.682699    68.217679
39.034556    114.126532
43.213406    115.667977
122.392167    89.498907
59.942635    120.642163
92.875894    71.155042
121.536848    88.340752
61.315281    120.889934
68.572681    122.643141
66.052042    85.261967
67.127476    107.406758
54.737269    119.262182
66.794217    122.169228
86.446624    120.314192
64.890077    85.203520
86.851984    79.060076
126.432290    77.553026
57.738022    94.056156
77.928411    92.121440
54.841543    110.971358
73.048221    98.608776
