76.140041    126.604402
86.759642    94.444058
50.814857    131.586860
61.474676    115.049936
70.970191    76.959224
38.016314    86.284792
74.496008    127.440076
65.846334    88.566261
56.523729    101.507802
51.365146    131.202887
38.059503    86.339519
85.787299    126.417056
96.508252    84.845993
46.086610    50.004415
41.378756    111.286107
71.577912    77.268532
83.305625    89.915785
47.248230    119.796574
61.553998    114.370277
107.402285    126.933775
83.008927    129.110643
104.721187    124.984970
88.699810    85.088157
64.150482    91.466013
51.749251    122.255276
85.740485    126.626793
37.988573    87.820715
58.256088    84.290587
45.711583    50.116362
80.122493    118.040231
38.115560    87.723054
66.213286    91.786178
79.172805    128.113892
95.710982    84.038594
57.609134    98.787539
87.819254    127.792357
57.554460    84.458180
97.784790    88.946443
55.378987    97.009505
35.613605    112.531090
72.259271    77.459231
64.533978    112.434440
72.965234    121.316458
55.255746    79.860542
65.933247    91.833804
85.420301    89.004672
86.620103    88.108266
101.251968    90.377040
72.194581    77.440609
62.663548    113.783621
85.497216    127.375613
39.410633    114.192961
65.383190    107.485402
67.124504    112.670388
63.785135    116.309769
79.368280    128.750692
86.004329    126.096778
105.389916    126.695036
39.881158    57.461447
58.626018    85.632387
96.081211    84.446399
62.973980    99.177243
83.263933    90.702975
75.771721    103.303143
