34.068526    88.084054
50.372268    89.728598
64.602062    112.594471
58.446699    65.639119
86.235679    102.770845
88.163300    111.175674
62.420054    85.046435
76.289387    107.582018
88.321663    104.002972
62.657922    84.362289
35.237193    89.355213
81.697531    76.712731
78.255768    76.152114
79.560297    102.485178
94.682757    117.621812
105.066733    116.177529
46.919162    78.304957
79.546171    102.438084
104.295387    113.806485
50.448876    88.924352
86.809937    97.829325
84.341173    103.985485
92.937162    104.194532
46.014101    77.734662
60.762580    84.901995
121.885993    98.940199
94.787970    118.117034
127.668497    117.170038
98.548247    117.101092
88.854170    97.827542
123.164212    100.109856
45.991938    112.446272
91.302652    98.234551
111.883101    114.775990
40.823958    76.514599
74.806600    88.223161
85.855958    97.262086
53.549106    108.181850
88.659439    111.639587
117.565812    111.479112
49.163542    79.255397
41.111919    90.850651
68.183092    87.059957
57.461644    108.021754
72.762183    101.177713
89.884866    65.217837
131.675446    58.199360
118.967287    75.305587
102.366913    116.557038
58.848192    65.729119
120.082176    75.518693
100.065891    91.104739
134.888794    58.310338
117.547540    75.076246
127.849740    116.950013
95.647342    117.535989
119.844640    57.144632
130.505385    57.896864
97.234656    117.055048
132.757323    58.290274
84.411744    77.266663
67.232306    86.461568
88.921466    111.785451
94.715543    117.994012
103.066977    116.229983
89.410658    65.081495
123.205291    76.941398
58.458813    65.604706
85.776377    62.155021
112.725674    90.461054
123.184630    99.960794
70.735735    100.363452
82.039042    74.966618
120.413775    72.284516
48.112937    78.514148
120.665151    73.440676
64.159197    93.175702
