50.314308    73.738308
50.956568    78.258477
52.853611    106.159198
87.256013    91.801828
78.604697    105.594391
82.908570    104.718288
56.626592    62.852900
49.621271    75.554128
56.568068    83.072224
89.519553    86.447534
87.189575    90.641481
87.645076    100.549744
86.093361    90.863455
52.634606    68.868855
51.092823    72.206616
88.985768    86.834368
57.764708    88.368171
86.488978    91.276292
81.026789    93.572635
87.314832    91.781236
55.291758    104.115712
77.247564    98.303313
80.499794    104.211889
69.417233    115.228167
83.251278    104.123762
87.513004    92.001025
80.044566    78.188325
78.755805    91.297437
86.724899    91.081164
87.100816    92.156030
86.630530    91.741789
77.362535    86.946403
54.433281    86.541950
86.800468    92.018176
81.514977    103.160644
55.558319    64.619705
78.751591    93.811149
81.861607    102.969560
54.885918    65.036318
78.571632    90.496599
86.533605    100.934257
56.407099    63.454670
80.509513    81.052717
69.671631    95.897940
86.890712    100.734359
78.958589    105.924159
67.289252    112.708776
67.456800    113.385282
81.515494    93.150426
82.195391    78.790044
87.220092    90.668662
56.921501    97.285205
80.940578    93.923740
89.130740    87.171001
57.402119    98.647562
67.518822    97.022742
82.528837    92.957638
85.036580    102.434274
84.509864    82.128228
88.685648    87.517655
57.566622    86.150808
57.707112    61.487012
84.096300    92.536837
95.135938    95.619796
68.762432    112.156879
85.669007    101.833574
57.566898    83.658889
86.699307    91.967308
71.319675    110.811389
34.933965    51.520152
104.964096    99.983969
68.903488    113.712727
91.808953    101.849880
75.723337    114.734631
39.622773    45.502461
95.182384    71.059536
87.734890    108.839211
67.986880    118.651460
38.316819    49.053660
93.921141    89.830602
63.223181    116.919688
40.310749    45.524254
67.767585    93.275296
82.538567    91.111455
93.960005    88.848215
37.287065    104.515769
77.078045    111.358398
70.019289    114.248284
70.498439    59.100598
113.008425    86.494824
37.723715    79.261461
52.333434    120.617334
93.563035    72.007781
91.050145    85.189763
93.335524    89.452542
59.598034    118.489427
34.237040    53.181581
69.972161    62.139861
93.234393    89.168425
52.770977    119.927606
53.185689    120.824551
74.490271    57.470618
74.284138    69.064610
49.398045    95.626012
94.851215    72.061714
35.143876    85.065823
48.403653    96.939077
69.197273    93.764797
94.220156    89.128387
60.517342    104.394775
86.525801    107.149700
34.270052    53.405846
79.748478    62.223031
93.952864    72.510787
74.356457    59.196690
58.168947    119.385829
77.969918    61.419513
78.177579    82.723825
90.223482    89.665814
52.930007    120.280536
47.346610    81.924055
75.862208    82.102732
90.318878    91.401206
60.319949    118.616737
74.560781    57.982799
49.689383    79.519103
78.625014    79.838846
87.941259    82.000102
37.789414    95.715476
59.078983    87.020349
73.253162    93.611038
104.994956    96.302315
56.892583    102.700524
87.258935    108.853610
54.607880    119.804865
79.357906    73.440206
34.933965    51.520152
104.964096    99.983969
68.903488    113.712727
91.808953    101.849880
75.723337    114.734631
39.622773    45.502461
95.182384    71.059536
87.734890    108.839211
67.986880    118.651460
38.316819    49.053660
93.921141    89.830602
63.223181    116.919688
40.310749    45.524254
67.767585    93.275296
82.538567    91.111455
93.960005    88.848215
37.287065    104.515769
77.078045    111.358398
70.019289    114.248284
70.498439    59.100598
113.008425    86.494824
37.723715    79.261461
52.333434    120.617334
93.563035    72.007781
91.050145    85.189763
93.335524    89.452542
59.598034    118.489427
34.237040    53.181581
69.972161    62.139861
93.234393    89.168425
52.770977    119.927606
53.185689    120.824551
74.490271    57.470618
74.284138    69.064610
49.398045    95.626012
94.851215    72.061714
35.143876    85.065823
48.403653    96.939077
69.197273    93.764797
94.220156    89.128387
60.517342    104.394775
86.525801    107.149700
34.270052    53.405846
79.748478    62.223031
93.952864    72.510787
74.356457    59.196690
58.168947    119.385829
77.969918    61.419513
78.177579    82.723825
90.223482    89.665814
52.930007    120.280536
47.346610    81.924055
75.862208    82.102732
90.318878    91.401206
60.319949    118.616737
74.560781    57.982799
49.689383    79.519103
78.625014    79.838846
87.941259    82.000102
37.789414    95.715476
59.078983    87.020349
73.253162    93.611038
104.994956    96.302315
56.892583    102.700524
87.258935    108.853610
54.607880    119.804865
79.357906    73.440206
