87.093091    90.543432
89.136089    89.077933
80.576538    90.155431
79.891149    92.085027
89.477582    88.985682
80.650863    88.082544
84.534908    91.276552
74.129355    86.496541
89.926982    94.085821
60.673914    83.284312
90.543614    94.507333
72.125773    91.107931
85.667118    90.365183
77.284248    91.686251
87.416096    87.820852
91.393275    78.930718
86.061848    90.492852
86.976705    77.990640
87.952324    87.683125
66.744777    105.411537
91.714750    95.215690
86.040765    86.630541
87.071605    87.386738
64.595398    85.110404
61.866276    79.559992
86.521389    86.273978
87.490445    84.221247
94.503036    77.409806
90.930115    85.857117
122.747265    112.941949
90.939000    82.238326
95.015935    80.858341
94.927396    81.895632
88.840040    70.631328
71.900460    77.256641
96.257928    81.175521
95.886443    82.264745
94.976255    83.335841
95.119308    80.765990
63.617569    77.616283
94.709740    82.848157
53.905446    76.443602
74.948134    83.759897
67.738260    92.421416
93.537327    83.129316
59.535740    88.702450
93.814574    60.730954
88.633272    72.898159
44.922928    68.150021
68.193436    91.903689
84.299827    57.813151
45.399850    87.673855
43.507568    66.755727
54.020569    86.454885
42.595087    63.970710
82.136194    69.466620
86.770449    71.373352
45.316337    75.087553
94.503036    77.409806
90.930115    85.857117
122.747265    112.941949
90.939000    82.238326
95.015935    80.858341
94.927396    81.895632
88.840040    70.631328
71.900460    77.256641
96.257928    81.175521
95.886443    82.264745
94.976255    83.335841
95.119308    80.765990
63.617569    77.616283
94.709740    82.848157
53.905446    76.443602
74.948134    83.759897
67.738260    92.421416
93.537327    83.129316
59.535740    88.702450
93.814574    60.730954
88.633272    72.898159
44.922928    68.150021
68.193436    91.903689
84.299827    57.813151
45.399850    87.673855
43.507568    66.755727
54.020569    86.454885
42.595087    63.970710
82.136194    69.466620
86.770449    71.373352
45.316337    75.087553
