77.038062    124.529712
86.412462    92.664634
51.221177    130.291051
61.761114    113.850876
69.128112    75.597018
50.862234    130.181307
36.512932    86.519361
75.196139    125.238124
64.867798    88.047907
56.013254    100.912791
55.955726    130.115394
51.498768    129.747008
36.498949    86.631143
36.629850    88.283347
42.622722    49.992648
41.132663    111.010199
43.167104    113.529433
62.129558    113.267588
69.674513    75.942061
82.824751    88.503032
47.453345    119.120741
61.884770    113.107142
87.969601    83.315323
63.353246    90.844795
72.330979    100.724501
52.212464    121.396533
36.603727    88.071803
56.839436    83.972908
42.352772    50.157627
67.642756    92.835165
81.111075    116.214933
36.750319    88.223536
65.216030    90.800341
80.652190    126.341281
94.595395    81.672938
57.077712    98.253792
88.757458    125.137295
56.205604    84.287582
97.251667    86.744330
54.543202    96.456251
76.928600    98.638705
35.454205    112.486866
56.102173    130.837668
70.034102    75.809444
65.056199    111.340311
73.791595    119.415830
53.532844    79.655251
65.250080    91.281472
