57.066593    76.151293
81.255898    88.369977
52.110105    102.166786
58.157633    73.989103
51.640753    102.231613
113.135974    54.345483
51.741017    102.018023
81.782555    88.309799
91.749447    97.030375
58.171952    105.194310
53.173786    119.847256
81.454259    88.428724
71.581546    106.289977
58.362228    73.258096
74.980856    96.460871
86.652318    113.562199
71.088269    96.887087
45.503628    107.271694
53.521976    119.901955
85.498176    123.602734
86.792102    113.334748
95.384345    111.305314
104.238300    114.582245
73.793953    112.173003
