82.207042    90.175785
78.624897    89.675657
88.752808    91.313160
84.364855    87.800839
83.878278    93.567645
82.245397    90.216864
89.458775    91.372648
83.990119    89.122927
83.632014    86.629114
103.065217    75.460429
109.103148    74.777672
53.949069    80.501794
82.132281    90.167328
84.095552    88.942807
78.585649    89.595448
73.179778    92.429375
51.767999    101.067032
59.410346    81.879742
97.444557    94.227957
105.448443    100.072406
79.305966    89.010617
89.448931    91.338993
74.259704    96.904617
84.305078    87.043292
114.202256    83.587539
73.909129    92.212183
107.636541    74.794506
82.156634    90.097211
73.053843    92.785189
54.590525    80.817454
82.614487    90.437010
82.509810    88.754039
82.258498    90.169197
58.220055    97.706848
63.354458    82.882408
82.187587    90.249542
107.768752    74.889134
63.883544    95.025166
68.199167    94.575270
82.552685    90.379791
82.840723    89.913876
57.871624    98.255526
83.443039    89.550863
79.909694    87.742036
89.496291    93.478476
103.294926    75.484388
112.974895    86.779381
82.573660    94.005940
82.605740    90.418709
67.950565    94.640523
63.484550    82.632407
82.623620    90.438222
78.970427    96.646387
57.905795    98.254390
89.814677    93.594037
81.984925    89.400108
74.656143    102.171099
81.621823    92.986913
82.120645    90.286382
67.954346    94.619666
82.887796    89.884903
81.915705    87.430181
82.394880    86.372913
82.501002    94.002728
82.314057    90.208519
81.495046    93.002929
82.419562    87.041480
83.464456    89.279808
84.069760    86.925803
81.878329    89.896044
74.639035    102.030021
75.831052    99.906353
82.597929    94.004512
80.642849    94.476946
82.758529    93.949575
82.361074    90.151048
