83.110790    90.874108
85.509378    87.392772
84.245783    95.125676
83.202292    90.656347
90.836232    92.089069
85.965871    88.761169
83.974387    86.469314
104.607205    76.138080
110.532565    75.625417
83.062797    90.858978
79.087247    92.072955
85.948252    88.552252
78.399925    90.271661
77.314583    92.160376
55.876261    100.362550
63.573779    83.152977
78.962920    89.689603
90.807311    92.052958
84.960043    86.831446
77.928435    91.987671
84.371676    92.035737
77.119298    92.415385
58.734342    81.996662
84.647175    92.360617
82.371816    89.184907
84.412508    92.072105
67.425957    84.224279
83.149960    90.684683
68.299316    94.557452
84.637520    92.275536
85.339197    89.544369
62.187625    97.591511
85.689638    89.201643
79.918449    88.197671
90.571074    94.165708
104.935994    76.036543
82.589659    95.322139
84.666245    92.310329
67.613818    84.019924
84.594237    92.290292
80.877374    95.092303
62.243132    97.557198
90.881680    94.277827
82.224982    89.415941
77.118504    100.398572
82.654849    91.985497
83.131224    90.695129
85.350978    89.520783
81.801935    87.783999
82.435935    86.405267
82.481191    95.306416
84.440669    92.100947
82.630977    91.877396
82.339401    87.337272
85.435926    88.707608
84.682700    86.696975
84.020062    91.786468
77.043006    100.397495
78.196310    98.300170
82.597033    95.330785
82.030233    93.317772
83.361202    93.594707
83.283782    90.611806
68.926046    104.821989
77.733389    98.838441
102.479570    81.954205
79.875169    88.159767
106.782145    100.501312
76.706302    100.112483
84.340638    92.034336
80.697096    95.489852
