114.223102    88.554311
75.126083    84.779716
114.094850    58.443071
118.467266    98.782044
114.147151    58.899136
118.361218    103.101963
114.698652    87.691794
107.347142    79.284142
44.914548    109.368511
37.275731    105.451448
36.797203    105.080555
40.012321    109.566165
59.629999    91.889631
117.107237    98.917839
44.755015    107.972484
36.623238    104.575015
38.140171    107.140370
58.454417    92.780459
117.501289    98.527071
77.235568    83.234920
113.697393    87.568828
120.630288    84.653863
36.292043    104.159839
99.005872    96.606673
38.137172    107.170728
44.575345    108.355742
79.085177    107.446734
102.657186    110.456143
107.147993    79.339540
89.226423    98.929064
113.750001    58.318075
89.060259    76.097880
76.293356    113.792837
35.931508    103.553974
110.428364    86.029411
38.814847    108.563754
58.997111    92.310005
99.151649    96.061382
40.970744    111.380634
44.574996    109.766712
59.640199    92.203429
89.339462    99.544993
89.239707    76.569537
94.341031    97.369034
95.287352    98.971196
44.682291    108.515216
59.391128    91.972359
114.021789    58.311576
111.277110    76.560487
89.315431    99.587180
97.638253    110.280122
110.004331    82.777454
137.788185    64.311305
114.211456    57.821295
131.698547    67.515203
85.088037    78.456563
132.042244    68.377108
82.451734    125.668983
108.205049    112.816745
134.022308    64.957420
109.846869    82.090174
128.031348    98.540599
36.238287    104.218074
88.845158    98.739877
102.392133    106.808554
81.815466    123.871944
90.320856    122.339347
138.008638    73.319858
112.178398    88.505321
135.236773    90.414956
41.879280    113.459152
96.399384    108.576901
108.204885    97.713101
128.152313    100.098905
