112.618219    54.582981
111.425994    92.028413
112.669672    55.171608
40.310174    101.848702
110.784527    92.997568
53.553964    84.658008
111.172976    92.794712
73.711733    76.698664
109.076320    83.538034
116.085271    80.496465
40.054131    100.573062
104.183086    75.918519
85.273199    93.131505
112.469445    54.515164
86.371005    69.258783
71.547324    105.391348
34.257675    100.394390
53.981209    84.169138
36.369316    103.320955
39.948064    101.980007
54.638511    84.042638
85.376517    93.711499
86.511161    69.518673
89.858034    91.756447
90.551213    93.140506
40.105390    100.552050
54.293427    83.824982
112.721725    54.572655
108.706443    73.124351
85.322513    93.751416
91.130349    102.173411
135.565834    62.798640
112.856563    54.414454
82.767619    73.336464
108.880384    73.261892
102.249524    106.882221
122.490408    94.545244
85.651188    94.102620
97.034287    101.059283
85.211836    115.292127
107.994598    84.941922
38.151167    107.722619
91.452087    102.382720
103.138726    93.144857
64.586897    105.117041
75.102711    100.695920
53.395273    84.277275
82.670639    72.665588
82.200781    72.486526
54.062945    83.353795
89.660453    91.533421
90.561046    93.144375
87.427593    92.516498
76.484598    116.859799
84.101241    113.262291
