111.596782    86.271913
113.723129    56.813583
114.940434    94.731992
113.658717    57.369029
34.222783    100.583198
114.847160    96.069599
114.952363    95.661650
111.506746    85.831199
118.788994    82.888569
35.184721    102.655511
104.870636    78.012730
113.671658    56.752148
88.253207    72.207543
35.641902    103.519998
88.620532    72.507422
113.918272    56.831754
110.060148    75.356751
137.135795    64.376601
113.811942    56.596426
108.445872    78.820572
109.915851    75.412570
107.948911    80.999394
109.858458    87.130860
39.199254    110.254254
