89.624809    90.617342
83.158773    90.237232
83.196775    91.287538
98.104336    98.928342
64.841828    84.140849
99.049906    99.434177
90.125248    86.487403
96.761217    77.687426
90.217388    86.345952
98.798952    99.152771
68.843574    85.411236
54.847549    66.896353
54.612330    69.198212
54.566584    68.447012
89.942008    89.860772
69.905962    85.335232
83.966961    89.169520
92.772439    88.827994
55.570699    64.888547
56.373497    63.042869
91.285218    89.703855
55.889176    61.101953
90.897378    96.876782
70.008631    80.812873
91.334307    96.275650
81.492156    97.902028
68.926204    77.453151
82.033006    88.539315
85.545670    89.428688
85.343944    94.096758
65.203716    77.971265
77.843077    86.898413
92.423514    89.300904
84.668450    91.639565
84.880444    94.329664
98.757088    78.888197
97.337565    87.256905
97.577553    82.653500
101.918406    81.229392
95.681419    70.645944
77.576952    78.770173
101.788512    81.443006
101.532288    81.490689
100.554797    83.934184
102.265507    60.880328
95.209915    73.318480
51.587483    76.046473
37.596527    53.974230
38.308720    51.942804
37.408787    54.941031
101.644979    82.427969
102.079236    81.428930
72.455713    79.306722
37.427537    57.473752
65.779285    87.748870
43.389419    46.868822
39.251057    48.837101
102.418509    81.403149
38.386552    51.469274
49.412185    75.408168
102.142681    82.518892
37.301671    55.133974
99.475682    91.477754
82.203921    99.638102
69.264522    97.245656
80.449492    100.262786
52.828510    67.673710
58.105300    85.036058
72.520411    78.769790
100.021919    83.642006
98.757088    78.888197
97.337565    87.256905
97.577553    82.653500
101.918406    81.229392
95.681419    70.645944
77.576952    78.770173
101.788512    81.443006
101.532288    81.490689
100.554797    83.934184
102.265507    60.880328
95.209915    73.318480
51.587483    76.046473
37.596527    53.974230
38.308720    51.942804
37.408787    54.941031
101.644979    82.427969
102.079236    81.428930
72.455713    79.306722
37.427537    57.473752
65.779285    87.748870
43.389419    46.868822
39.251057    48.837101
102.418509    81.403149
38.386552    51.469274
49.412185    75.408168
102.142681    82.518892
37.301671    55.133974
99.475682    91.477754
82.203921    99.638102
69.264522    97.245656
80.449492    100.262786
52.828510    67.673710
58.105300    85.036058
72.520411    78.769790
100.021919    83.642006
