86.679490    89.326372
86.636526    89.493002
99.476713    104.900171
92.707379    99.901602
93.205212    93.444509
93.402141    93.535923
93.273327    100.443783
88.868409    96.079850
91.809380    98.938963
103.128452    107.044699
111.328412    107.487223
82.297022    83.981022
98.658250    95.938532
80.775868    80.742463
86.296985    88.815743
86.092836    91.954690
93.032523    93.291872
105.936794    104.581104
88.156224    95.072313
86.355523    89.165184
99.000521    113.763620
86.713339    88.763817
87.639419    94.363992
95.627364    94.549543
86.628914    89.273620
75.324382    74.755588
80.471447    88.726317
85.906236    91.682712
74.818678    96.998646
85.574344    101.389735
92.552179    99.834466
59.995807    87.941219
58.994314    81.219077
58.172234    81.814129
87.462682    94.105253
60.840394    96.261478
57.665109    80.119346
56.059604    88.251687
56.702942    76.307759
86.550583    89.861295
60.813870    97.746168
55.183778    67.711672
60.771153    97.260183
87.042540    93.622554
60.881910    67.088138
54.224526    81.493202
86.513026    89.582934
86.985571    90.577451
95.339579    107.786075
67.940501    65.729873
67.353370    65.889541
104.853006    96.311839
97.486030    108.830443
102.809083    111.307778
90.745347    105.331369
95.401603    107.789681
101.096425    110.283297
117.101690    102.694584
69.185067    55.251899
65.517643    56.116400
82.882682    73.004107
102.718528    95.709361
63.092026    52.211482
66.555759    67.493156
66.756575    55.575625
65.146860    60.072750
61.433177    70.049450
89.535269    104.540782
84.870216    73.126607
86.224338    73.233813
67.483247    55.419140
62.894385    61.605798
56.528788    80.723004
89.297169    93.005169
71.041039    79.811691
86.524077    102.321037
99.546503    109.646737
68.144141    56.834474
37.075483    70.734033
73.595940    81.495239
112.371580    110.232355
80.029901    99.355296
74.477222    81.677509
116.794690    100.675627
74.678106    87.989111
85.767085    102.253961
57.729776    53.591995
57.691620    85.902635
74.275146    87.554463
90.648084    94.297360
35.133028    62.712544
62.732251    83.058495
58.543215    86.765845
95.339579    107.786075
67.940501    65.729873
67.353370    65.889541
104.853006    96.311839
97.486030    108.830443
102.809083    111.307778
90.745347    105.331369
95.401603    107.789681
101.096425    110.283297
117.101690    102.694584
69.185067    55.251899
65.517643    56.116400
82.882682    73.004107
102.718528    95.709361
63.092026    52.211482
66.555759    67.493156
66.756575    55.575625
65.146860    60.072750
61.433177    70.049450
89.535269    104.540782
84.870216    73.126607
86.224338    73.233813
67.483247    55.419140
62.894385    61.605798
56.528788    80.723004
89.297169    93.005169
71.041039    79.811691
86.524077    102.321037
99.546503    109.646737
68.144141    56.834474
37.075483    70.734033
73.595940    81.495239
112.371580    110.232355
80.029901    99.355296
74.477222    81.677509
116.794690    100.675627
74.678106    87.989111
85.767085    102.253961
57.729776    53.591995
57.691620    85.902635
74.275146    87.554463
90.648084    94.297360
35.133028    62.712544
62.732251    83.058495
58.543215    86.765845
