79.312851    79.091308
81.485214    76.961137
65.718038    93.971383
81.449822    78.057110
79.836962    74.664032
74.276121    73.399436
68.499279    85.311440
80.459409    73.097862
67.359383    82.576140
59.615081    80.379782
81.946859    75.813546
65.458047    92.043884
75.143116    76.044438
79.750314    75.040052
72.158239    73.100221
79.900562    78.034924
81.845704    92.558470
82.653069    77.026947
74.857191    82.854022
74.328626    76.354083
79.851530    84.338156
74.856186    75.106650
76.639955    80.796521
102.740328    75.444269
77.480647    81.959487
70.612956    74.274441
66.706592    96.747934
62.799088    106.762342
76.765872    80.648832
76.066069    83.759010
87.503982    87.455936
72.029321    94.602652
75.819921    83.540121
76.709616    83.041763
76.693454    83.051076
46.045247    106.432272
81.071071    86.879008
89.928850    90.056651
71.989469    94.330834
81.828992    94.571021
78.385163    85.158843
54.853180    103.664691
89.373474    113.219531
66.967531    95.946775
81.971348    94.903037
56.584444    99.720597
76.782958    80.654298
64.176880    92.709802
76.059874    83.901129
76.989614    85.240057
81.420386    93.692189
123.595717    68.045924
76.776242    80.625213
65.159423    79.736191
65.870181    98.446442
71.273566    93.601317
91.273823    72.035286
71.745755    94.364412
93.360842    98.763080
85.019650    77.351234
64.581919    83.884329
90.512779    80.987065
66.739160    92.956491
56.398244    99.180044
93.560979    100.057291
66.706592    96.747934
62.799088    106.762342
76.765872    80.648832
76.066069    83.759010
87.503982    87.455936
72.029321    94.602652
75.819921    83.540121
76.709616    83.041763
76.693454    83.051076
46.045247    106.432272
81.071071    86.879008
89.928850    90.056651
71.989469    94.330834
81.828992    94.571021
78.385163    85.158843
54.853180    103.664691
89.373474    113.219531
66.967531    95.946775
81.971348    94.903037
56.584444    99.720597
76.782958    80.654298
64.176880    92.709802
76.059874    83.901129
76.989614    85.240057
81.420386    93.692189
123.595717    68.045924
76.776242    80.625213
65.159423    79.736191
65.870181    98.446442
71.273566    93.601317
91.273823    72.035286
71.745755    94.364412
93.360842    98.763080
85.019650    77.351234
64.581919    83.884329
90.512779    80.987065
66.739160    92.956491
56.398244    99.180044
93.560979    100.057291
66.706592    96.747934
62.799088    106.762342
76.765872    80.648832
76.066069    83.759010
87.503982    87.455936
72.029321    94.602652
75.819921    83.540121
76.709616    83.041763
76.693454    83.051076
46.045247    106.432272
81.071071    86.879008
89.928850    90.056651
71.989469    94.330834
81.828992    94.571021
78.385163    85.158843
54.853180    103.664691
89.373474    113.219531
66.967531    95.946775
81.971348    94.903037
56.584444    99.720597
76.782958    80.654298
64.176880    92.709802
76.059874    83.901129
76.989614    85.240057
81.420386    93.692189
123.595717    68.045924
76.776242    80.625213
65.159423    79.736191
65.870181    98.446442
71.273566    93.601317
91.273823    72.035286
71.745755    94.364412
93.360842    98.763080
85.019650    77.351234
64.581919    83.884329
90.512779    80.987065
66.739160    92.956491
56.398244    99.180044
93.560979    100.057291
