117.036197    93.053578
115.989232    62.002411
76.927899    88.412383
115.624149    62.535445
62.582842    95.784454
135.176292    79.797097
76.215497    88.545327
62.273254    96.046993
121.273458    103.485643
115.590341    62.978821
120.712641    107.784604
80.319003    110.305081
117.396876    92.023704
108.502194    82.710500
46.314504    113.054501
80.200015    109.944695
102.287717    101.701263
38.738998    108.920433
38.168969    108.292770
41.446473    113.277561
81.628403    110.556797
120.710973    107.806503
61.925514    95.978171
121.017679    104.478229
46.184006    111.677390
80.111681    109.454703
97.948886    103.277426
120.014754    109.192879
38.123494    108.160789
102.279880    101.683035
39.677950    111.000181
81.644955    110.236204
110.033565    106.318745
60.662536    96.909697
121.117593    103.452827
79.142736    86.948785
128.488986    52.481811
116.716531    91.998692
123.656212    89.215536
37.859158    107.939791
102.186559    101.603002
39.631662    111.012884
45.961388    112.106178
80.910228    112.826180
106.398232    116.656374
90.445985    79.645421
111.374453    81.351555
108.212478    82.861098
91.332643    103.544251
115.673936    62.640851
90.759926    79.818022
77.928399    119.074010
37.327653    106.735968
130.285412    73.258876
112.973375    90.093789
40.081848    111.863494
60.990470    96.151085
101.940504    100.716275
42.163650    114.740580
45.833115    113.240458
61.643720    96.162704
91.613699    104.503148
91.146508    80.548901
96.939924    102.203252
97.948914    103.970644
46.095363    112.347935
