86.404105    88.623394
63.255995    127.194763
52.016639    123.219893
41.139338    87.964073
53.922172    122.973250
51.771599    123.411975
69.449510    126.761448
38.750837    118.232213
67.897034    70.629992
51.566658    123.580438
38.050756    117.080843
95.238215    78.568703
36.108034    81.627101
94.129185    77.936179
64.770933    83.839812
82.140591    84.741378
57.267949    93.659010
63.084903    126.994099
94.335537    77.991570
56.774088    95.906405
56.614433    124.181459
92.131521    74.507248
119.546974    92.773114
65.820418    126.930258
65.021218    87.190042
51.496635    122.293291
63.402284    125.831693
83.657462    124.619218
63.855372    87.165363
55.853594    96.230662
35.441069    106.953708
36.299952    81.608366
36.435143    83.230127
120.762159    93.515952
87.405291    117.554865
95.596952    78.629409
41.136564    45.281329
116.684713    96.423089
41.440005    105.102997
43.606419    107.565570
63.447111    107.325465
73.194512    96.095353
68.613254    70.848607
82.922385    84.897797
116.639443    96.530421
