79.743735    88.803880
88.462935    90.624731
114.069287    86.469435
75.066488    94.207838
81.812875    89.122554
82.571000    90.627730
82.538083    88.728163
89.198500    90.688947
80.244908    90.074112
82.475152    87.772507
102.653060    73.909212
108.745174    73.380629
49.018238    78.554757
82.532221    89.401098
103.054759    92.076083
69.813151    93.005718
80.490177    89.996585
85.177524    89.945154
67.523192    92.610198
53.993403    79.739717
82.473834    88.768932
96.766840    93.702717
104.764820    99.833028
63.653426    105.544828
80.244681    88.367825
89.128300    90.648520
113.480369    86.099089
69.922323    98.477159
82.533070    88.169053
113.777182    82.706095
68.260310    92.375523
107.216453    73.447564
78.506962    87.243619
67.415539    93.111329
49.520775    78.841165
102.693750    73.953778
79.118468    87.522670
113.418065    85.910657
82.363853    88.303384
78.616245    87.308615
113.627094    85.967968
53.107433    97.943856
57.892507    80.627834
82.495690    88.754419
107.370829    73.573713
58.203247    95.228533
113.431423    86.106953
62.530439    95.018459
78.977887    87.524125
78.393443    90.789399
52.581164    98.566124
78.920483    93.136036
114.299978    72.608954
106.714886    108.988501
79.318985    90.460065
80.721984    87.976966
89.257605    93.094255
70.674389    101.682813
103.033194    73.812500
111.894644    86.157472
82.161939    91.230854
78.927950    87.491698
62.111683    95.127509
57.813430    80.258621
79.031175    87.507989
76.173640    98.774881
52.524695    98.604496
89.521502    93.179044
82.045764    90.469415
71.346968    104.155818
79.891870    95.027603
82.515028    88.741640
113.362629    86.137563
62.184933    95.051275
78.493488    90.772943
81.949631    87.480172
82.045784    87.294653
