57.590269    66.647295
49.735844    90.501125
65.001793    113.691210
82.174399    105.549500
57.753444    66.251635
85.806681    103.166773
88.132059    111.665277
61.612426    85.667461
76.161681    108.351955
87.819850    104.331910
61.861621    84.979633
34.791078    90.265695
81.023808    77.198292
77.569145    76.613251
79.391159    103.219922
95.004360    118.259570
116.759776    111.296507
118.134433    112.245141
105.401809    116.599860
46.118220    79.010410
74.053213    88.522056
79.420382    103.204285
104.445763    114.195483
51.956670    83.259223
49.958692    89.805792
86.599685    98.350790
60.356507    109.787106
84.287647    104.631676
92.826724    104.703642
45.236292    78.439226
60.191794    85.652159
77.047463    82.200235
95.358054    118.793600
98.675918    117.521264
88.487310    98.246046
123.127046    100.225690
46.351197    113.736400
91.088275    98.693213
112.252779    115.165885
40.120993    77.274389
74.539161    88.864318
85.720388    97.792035
53.713762    109.302457
88.818807    112.296200
118.137349    111.841128
48.593181    80.087751
40.139068    91.368939
67.720121    87.735404
57.545566    109.108570
72.766694    101.985371
89.527992    66.045465
118.742754    75.728810
102.687754    117.071633
58.463651    66.614296
117.453635    82.164776
99.941442    91.659876
134.248765    58.507467
117.331178    75.499942
112.615822    93.670507
128.031749    116.921040
95.913890    118.203873
119.510213    57.654986
97.473118    117.669230
122.246697    57.564088
132.426524    58.618070
84.207277    77.918798
67.045087    87.194620
89.132584    112.483607
94.991557    118.661832
