76.739841    83.022515
80.283953    68.996874
61.549839    74.900384
71.990527    84.851340
83.674419    71.252808
86.416029    68.613663
66.731240    69.317843
80.018709    75.479590
76.610655    80.472303
84.871534    69.671257
60.392810    77.322177
86.160002    70.802361
65.857896    68.296580
65.513488    72.557611
80.201005    76.404681
77.764054    75.334937
64.298684    93.296012
63.707658    91.034828
91.581647    82.226184
88.890205    77.353620
84.535000    67.650270
75.182918    79.335983
88.050816    70.097788
61.915784    72.758350
86.904622    71.314921
87.368143    69.381274
70.370864    68.006416
65.633960    72.586097
81.978537    84.493372
71.854453    86.051476
77.508038    78.782347
84.033376    69.904252
60.825580    77.641045
86.629176    72.208647
82.339817    66.801650
71.767624    65.272128
63.412170    71.008847
81.680181    83.943427
69.255072    88.251735
65.629846    94.675882
81.003579    81.662043
61.689819    89.439629
82.459844    81.774415
60.954443    86.015609
83.520407    69.630236
77.766647    70.658017
76.789923    79.958157
75.303282    79.118485
75.461362    80.006974
93.688700    69.754948
64.096319    90.200164
60.826843    84.242226
75.015087    74.631728
68.801641    85.378050
76.880283    82.705490
77.666073    79.528768
78.523272    83.098253
55.249165    98.311035
72.544277    88.306444
78.064519    80.588639
77.296126    82.715950
97.927533    95.428134
69.559857    94.319204
73.619197    96.280844
90.898338    107.203893
78.420127    79.967567
78.177734    82.676930
72.682025    87.724348
99.874823    96.219854
67.773257    94.299052
72.074051    101.429728
77.144183    81.915671
79.081138    80.565102
73.033291    82.110050
108.472151    71.675257
76.899453    82.719971
78.189508    80.681021
101.102109    94.828896
94.452104    104.522376
77.642617    79.519040
76.722441    82.259267
72.899236    86.420130
75.643750    85.061550
75.621451    79.697923
80.659708    85.567813
62.144029    106.234498
70.540166    98.990356
83.908989    100.094840
79.053146    80.601671
77.962130    79.643954
79.365089    82.951662
78.325717    80.276446
77.214052    83.722973
77.039410    82.481078
97.432835    91.627873
54.398288    103.430117
73.783063    95.347459
85.127033    99.170131
78.422647    79.931072
78.258570    82.700942
70.924665    87.443032
77.547592    81.075303
75.451489    80.210514
101.202884    93.117519
66.676689    95.482324
60.485667    82.061637
76.762999    82.282626
73.274141    82.130368
76.957263    82.698143
72.954530    98.746620
92.185710    106.958313
109.949940    67.892873
76.984106    79.636241
79.689012    83.035462
68.872689    89.245626
78.330853    80.505643
75.753725    79.558258
81.134854    86.004259
97.523767    94.259791
68.970105    95.430526
75.073992    83.183423
62.198574    81.841958
74.405465    82.946991
78.994236    80.619477
73.146891    82.099746
74.415600    82.962072
80.181581    79.904547
74.217403    82.700660
74.255357    82.401177
87.840849    76.792707
77.108686    81.946890
71.889198    101.155797
84.090191    100.196510
82.972631    90.887304
110.939942    67.807727
76.880283    82.705490
77.666073    79.528768
78.523272    83.098253
55.249165    98.311035
72.544277    88.306444
78.064519    80.588639
77.296126    82.715950
97.927533    95.428134
69.559857    94.319204
73.619197    96.280844
90.898338    107.203893
78.420127    79.967567
78.177734    82.676930
72.682025    87.724348
99.874823    96.219854
67.773257    94.299052
72.074051    101.429728
77.144183    81.915671
79.081138    80.565102
73.033291    82.110050
108.472151    71.675257
76.899453    82.719971
78.189508    80.681021
101.102109    94.828896
94.452104    104.522376
77.642617    79.519040
76.722441    82.259267
72.899236    86.420130
75.643750    85.061550
75.621451    79.697923
80.659708    85.567813
62.144029    106.234498
70.540166    98.990356
83.908989    100.094840
79.053146    80.601671
77.962130    79.643954
79.365089    82.951662
78.325717    80.276446
77.214052    83.722973
77.039410    82.481078
97.432835    91.627873
54.398288    103.430117
73.783063    95.347459
85.127033    99.170131
78.422647    79.931072
78.258570    82.700942
70.924665    87.443032
77.547592    81.075303
75.451489    80.210514
101.202884    93.117519
66.676689    95.482324
60.485667    82.061637
76.762999    82.282626
73.274141    82.130368
76.957263    82.698143
72.954530    98.746620
92.185710    106.958313
109.949940    67.892873
76.984106    79.636241
79.689012    83.035462
68.872689    89.245626
78.330853    80.505643
75.753725    79.558258
81.134854    86.004259
97.523767    94.259791
68.970105    95.430526
75.073992    83.183423
62.198574    81.841958
74.405465    82.946991
78.994236    80.619477
73.146891    82.099746
74.415600    82.962072
80.181581    79.904547
74.217403    82.700660
74.255357    82.401177
87.840849    76.792707
77.108686    81.946890
71.889198    101.155797
84.090191    100.196510
82.972631    90.887304
110.939942    67.807727
76.880283    82.705490
77.666073    79.528768
78.523272    83.098253
55.249165    98.311035
72.544277    88.306444
78.064519    80.588639
77.296126    82.715950
97.927533    95.428134
69.559857    94.319204
73.619197    96.280844
90.898338    107.203893
78.420127    79.967567
78.177734    82.676930
72.682025    87.724348
99.874823    96.219854
67.773257    94.299052
72.074051    101.429728
77.144183    81.915671
79.081138    80.565102
73.033291    82.110050
108.472151    71.675257
76.899453    82.719971
78.189508    80.681021
101.102109    94.828896
94.452104    104.522376
77.642617    79.519040
76.722441    82.259267
72.899236    86.420130
75.643750    85.061550
75.621451    79.697923
80.659708    85.567813
62.144029    106.234498
70.540166    98.990356
83.908989    100.094840
79.053146    80.601671
77.962130    79.643954
79.365089    82.951662
78.325717    80.276446
77.214052    83.722973
77.039410    82.481078
97.432835    91.627873
54.398288    103.430117
73.783063    95.347459
85.127033    99.170131
78.422647    79.931072
78.258570    82.700942
70.924665    87.443032
77.547592    81.075303
75.451489    80.210514
101.202884    93.117519
66.676689    95.482324
60.485667    82.061637
76.762999    82.282626
73.274141    82.130368
76.957263    82.698143
72.954530    98.746620
92.185710    106.958313
109.949940    67.892873
76.984106    79.636241
79.689012    83.035462
68.872689    89.245626
78.330853    80.505643
75.753725    79.558258
81.134854    86.004259
97.523767    94.259791
68.970105    95.430526
75.073992    83.183423
62.198574    81.841958
74.405465    82.946991
78.994236    80.619477
73.146891    82.099746
74.415600    82.962072
80.181581    79.904547
74.217403    82.700660
74.255357    82.401177
87.840849    76.792707
77.108686    81.946890
71.889198    101.155797
84.090191    100.196510
82.972631    90.887304
110.939942    67.807727
