87.915769    91.400217
107.646194    107.294917
95.974489    84.913339
98.075159    101.379842
85.265666    80.208388
70.039539    89.533711
84.320068    77.248861
85.779022    90.625200
101.549094    111.277410
70.898649    89.277773
66.880471    90.783957
85.597750    87.354591
60.973580    92.684987
77.935098    93.371334
80.888244    95.049874
82.383397    82.841311
123.014000    114.207743
85.745345    69.235266
84.492214    57.294081
114.950925    97.690634
124.845396    114.888170
123.200275    114.398212
84.397909    59.982609
111.457788    110.323673
80.988510    65.870818
108.409779    108.410495
122.788553    114.774735
86.611153    82.566518
83.035980    81.498342
86.284153    80.332100
107.696022    120.190181
86.266362    81.208900
79.943416    70.295503
57.729289    75.430101
56.258465    66.768811
79.870082    71.697656
88.325131    80.199307
88.079344    81.115040
107.544164    107.408625
87.453648    82.023360
82.383397    82.841311
123.014000    114.207743
85.745345    69.235266
84.492214    57.294081
114.950925    97.690634
124.845396    114.888170
123.200275    114.398212
84.397909    59.982609
111.457788    110.323673
80.988510    65.870818
108.409779    108.410495
122.788553    114.774735
86.611153    82.566518
83.035980    81.498342
86.284153    80.332100
107.696022    120.190181
86.266362    81.208900
79.943416    70.295503
57.729289    75.430101
56.258465    66.768811
79.870082    71.697656
88.325131    80.199307
88.079344    81.115040
107.544164    107.408625
87.453648    82.023360
