81.176210    91.767256
74.329528    86.272879
87.241575    68.629740
63.023481    79.626620
-7.191765    139.957165
66.490113    98.249582
91.787162    72.074577
64.878997    68.194761
89.463823    102.027993
165.630072    141.450691
52.173860    120.269704
58.547536    141.927246
106.701609    147.234634
127.668824    154.388316
168.015163    152.118974
67.974379    85.985271
92.714745    71.155963
60.647311    81.993442
71.513167    91.009401
65.029939    68.970989
74.495743    84.254153
42.649249    124.361328
64.949039    123.791525
67.581550    96.257274
72.557611    89.765345
62.633700    84.831737
99.455697    145.824895
90.165978    69.414733
172.128089    144.791687
98.064248    135.574756
160.658920    153.822187
93.146417    74.004295
61.357650    76.209607
70.174865    91.599308
92.388438    73.016925
70.485077    66.020898
77.167827    86.729570
153.692150    129.073708
4.103581    150.006404
49.805081    139.606833
135.702930    156.553455
91.767965    70.699068
64.741776    83.160115
81.325442    91.911027
68.150987    86.103708
87.403565    68.766413
62.895804    79.648258
-6.993512    139.968200
66.699085    98.187747
91.959256    72.181412
63.581725    74.702689
138.814303    127.920517
165.525586    141.467052
52.368825    120.163064
65.079950    123.618810
106.615293    147.086048
166.556001    151.680695
74.493070    86.393396
92.878235    71.291936
60.525777    82.070261
67.178917    96.894499
64.788918    67.958826
145.651326    131.089254
42.855093    124.279298
58.668204    141.775286
67.563382    96.492141
72.495682    90.001875
62.921707    84.976935
81.032594    91.699167
92.533241    73.093218
153.706895    129.176408
100.914197    146.859752
129.234171    157.657610
160.699319    153.936391
86.897989    68.403055
61.351038    76.264721
68.016039    94.255950
77.826563    84.625987
70.579133    66.104015
75.721686    85.430093
172.168305    144.911917
51.883978    140.665722
94.337805    138.351541
108.330843    147.230057
169.787727    153.733264
81.325442    91.911027
68.150987    86.103708
87.403565    68.766413
62.895804    79.648258
-6.993512    139.968200
66.699085    98.187747
91.959256    72.181412
63.581725    74.702689
138.814303    127.920517
165.525586    141.467052
52.368825    120.163064
65.079950    123.618810
106.615293    147.086048
166.556001    151.680695
74.493070    86.393396
92.878235    71.291936
60.525777    82.070261
67.178917    96.894499
64.788918    67.958826
145.651326    131.089254
42.855093    124.279298
58.668204    141.775286
67.563382    96.492141
72.495682    90.001875
62.921707    84.976935
81.032594    91.699167
92.533241    73.093218
153.706895    129.176408
100.914197    146.859752
129.234171    157.657610
160.699319    153.936391
86.897989    68.403055
61.351038    76.264721
68.016039    94.255950
77.826563    84.625987
70.579133    66.104015
75.721686    85.430093
172.168305    144.911917
51.883978    140.665722
94.337805    138.351541
108.330843    147.230057
169.787727    153.733264
81.325442    91.911027
68.150987    86.103708
87.403565    68.766413
62.895804    79.648258
-6.993512    139.968200
66.699085    98.187747
91.959256    72.181412
63.581725    74.702689
138.814303    127.920517
165.525586    141.467052
52.368825    120.163064
65.079950    123.618810
106.615293    147.086048
166.556001    151.680695
74.493070    86.393396
92.878235    71.291936
60.525777    82.070261
67.178917    96.894499
64.788918    67.958826
145.651326    131.089254
42.855093    124.279298
58.668204    141.775286
67.563382    96.492141
72.495682    90.001875
62.921707    84.976935
81.032594    91.699167
92.533241    73.093218
153.706895    129.176408
100.914197    146.859752
129.234171    157.657610
160.699319    153.936391
86.897989    68.403055
61.351038    76.264721
68.016039    94.255950
77.826563    84.625987
70.579133    66.104015
75.721686    85.430093
172.168305    144.911917
51.883978    140.665722
94.337805    138.351541
108.330843    147.230057
169.787727    153.733264
