85.748399    88.869010
98.129608    97.137273
87.641735    93.791609
92.429624    98.526248
88.008866    105.479534
88.275457    104.629428
116.544197    100.548036
55.627297    75.736666
82.402266    91.062027
53.602456    74.948044
81.784260    91.235781
56.380218    74.215264
84.805992    106.547936
83.516433    106.783411
52.124081    63.586334
58.190164    91.024263
56.154370    90.777085
78.440183    98.614251
50.862577    69.092024
80.007337    72.561325
80.807265    72.336325
107.293696    99.070561
100.850882    96.776508
63.568195    89.941929
102.823206    85.873205
97.115988    96.866317
33.515527    45.825263
34.904952    85.698121
62.949025    104.923136
80.007337    72.561325
80.807265    72.336325
107.293696    99.070561
100.850882    96.776508
63.568195    89.941929
102.823206    85.873205
97.115988    96.866317
33.515527    45.825263
34.904952    85.698121
62.949025    104.923136
