55.766341    80.466029
62.279861    109.141080
56.666362    79.363757
50.080229    113.815337
109.271963    109.615990
78.792939    113.484533
50.064876    110.237070
35.698473    104.888377
133.826133    94.787490
110.986343    125.496876
35.203012    104.262470
112.436423    128.366914
81.534469    88.812633
37.009487    110.799089
55.783966    104.962469
89.452419    108.264737
91.980359    122.207176
110.598911    125.751260
35.334150    105.921519
72.907291    97.275396
62.301173    110.068518
72.525346    102.403410
87.628773    105.707048
59.780177    123.800476
78.808927    113.942158
91.283137    112.028207
35.736700    106.705460
71.515003    96.746645
59.552190    123.459330
56.435988    78.634708
