85.099926    91.432072
92.607432    92.687702
83.801400    95.833243
84.442371    90.411855
93.310049    92.721572
86.533087    88.170858
83.340947    86.240776
106.138825    76.310874
112.109161    75.831551
60.876271    82.766864
84.997434    91.352112
81.441427    91.665404
86.405809    87.957889
79.913401    91.929489
58.361887    100.379947
66.444956    84.335650
101.310032    95.781050
93.321979    92.686735
84.493694    86.462271
80.491997    91.756648
110.678225    75.778589
85.654487    93.420809
61.577782    83.075243
85.768653    93.732389
81.293763    89.109481
85.687675    93.458325
70.089267    85.442562
84.413257    90.428424
75.199153    93.755390
85.818467    93.624228
86.365219    88.976021
64.901664    97.504005
86.513228    88.623609
80.311006    88.904232
92.936695    95.214718
106.400452    76.240714
81.821464    95.722495
57.946949    94.027645
85.831464    93.653057
74.999813    93.807878
70.124354    85.247350
85.757112    93.650474
81.614939    94.881656
64.956398    97.462796
93.311710    95.341710
82.732706    90.518895
78.331338    100.186248
82.943252    92.127660
84.168452    90.539700
74.936480    93.791088
86.368273    88.947421
80.862371    87.750696
81.766729    86.400213
81.750713    95.691050
85.703062    93.457105
82.923902    91.921804
81.475741    87.237847
85.988165    88.066351
84.192261    86.361079
85.365641    93.155114
78.247478    100.186325
79.353315    97.978045
81.966110    95.762594
82.452854    93.532934
84.038939    94.789562
84.407012    90.423325
70.970028    104.313609
79.058105    98.242446
104.417626    82.009540
80.188386    88.773848
78.109383    99.584041
85.620665    93.388105
86.467188    94.614118
81.447709    95.416421
56.111866    81.710100
85.776324    93.565304
75.263721    93.749318
81.103673    91.638311
84.171466    87.290369
83.443425    91.834813
81.117588    89.549136
85.015423    95.044368
86.986480    96.512934
84.720415    90.290764
57.990046    94.115640
86.318269    88.842585
79.968348    87.543201
