64.302128    79.849975
107.860221    100.367663
191.842329    114.870157
47.797427    111.839088
64.448210    106.249348
138.696727    124.515335
206.108662    134.092725
-1.951453    185.495894
50.340575    150.368017
82.411506    89.652880
137.218218    108.480164
34.039868    136.628700
61.574210    111.987166
81.274823    95.625743
155.024213    129.821059
24.732307    163.947600
47.483350    164.120411
202.110543    22.434238
173.313832    62.294167
77.492185    85.285245
98.452276    79.838547
83.691140    144.571324
195.079805    180.855106
140.758569    108.961064
49.547561    112.012609
74.524440    104.153740
89.811152    104.754018
170.309182    127.019426
4.890354    172.526536
42.477989    175.128957
184.802425    21.446181
208.975239    23.177902
63.459956    80.042167
178.543915    48.047093
107.491311    98.874165
194.327491    115.665217
-6.591467    125.245264
51.442245    112.556631
83.722440    108.892783
138.827084    124.608095
204.264081    131.470732
26.222380    162.172765
66.940423    161.209830
87.787964    138.940422
188.210754    179.134292
83.004956    90.050167
121.960022    103.948249
200.287929    119.931568
21.431595    155.515936
-15.944470    120.200181
171.625203    67.906120
98.165983    80.260691
49.504928    117.226475
79.906608    93.681893
172.449465    126.846277
197.103721    154.420539
0.213081    181.628947
55.299293    161.003136
87.301091    162.551335
176.548002    189.135776
80.711084    89.753426
141.818587    108.877098
15.034447    155.718647
69.797526    105.442084
90.043950    104.998865
125.508951    118.165686
79.197622    86.197889
201.662474    184.326063
64.302128    79.849975
107.860221    100.367663
191.842329    114.870157
47.797427    111.839088
64.448210    106.249348
138.696727    124.515335
206.108662    134.092725
-1.951453    185.495894
50.340575    150.368017
82.411506    89.652880
137.218218    108.480164
34.039868    136.628700
61.574210    111.987166
81.274823    95.625743
155.024213    129.821059
24.732307    163.947600
47.483350    164.120411
202.110543    22.434238
173.313832    62.294167
77.492185    85.285245
98.452276    79.838547
83.691140    144.571324
195.079805    180.855106
140.758569    108.961064
49.547561    112.012609
74.524440    104.153740
89.811152    104.754018
170.309182    127.019426
4.890354    172.526536
42.477989    175.128957
184.802425    21.446181
208.975239    23.177902
63.459956    80.042167
178.543915    48.047093
107.491311    98.874165
194.327491    115.665217
-6.591467    125.245264
51.442245    112.556631
83.722440    108.892783
138.827084    124.608095
204.264081    131.470732
26.222380    162.172765
66.940423    161.209830
87.787964    138.940422
188.210754    179.134292
83.004956    90.050167
121.960022    103.948249
200.287929    119.931568
21.431595    155.515936
-15.944470    120.200181
171.625203    67.906120
98.165983    80.260691
49.504928    117.226475
79.906608    93.681893
172.449465    126.846277
197.103721    154.420539
0.213081    181.628947
55.299293    161.003136
87.301091    162.551335
176.548002    189.135776
80.711084    89.753426
141.818587    108.877098
15.034447    155.718647
69.797526    105.442084
90.043950    104.998865
125.508951    118.165686
79.197622    86.197889
201.662474    184.326063
