78.813165    78.544869
73.993554    86.402321
69.104436    79.522399
81.224088    76.151132
69.696384    73.475700
68.245863    88.125174
69.539418    86.048621
68.435397    76.587395
64.975517    93.699604
70.325503    79.962675
81.197619    77.139256
79.339765    73.208145
72.891601    71.585754
68.623891    89.319865
65.675241    86.008230
64.857703    83.557237
80.632963    71.449854
75.991831    72.150798
70.771514    85.203710
64.740651    82.576613
77.466347    81.449633
59.218026    80.908889
65.104238    84.671622
81.606052    74.660811
64.881039    91.881783
73.652291    73.752470
79.167055    73.826825
86.234138    79.088725
70.826420    71.386283
71.655145    80.131727
79.579528    77.030447
80.474535    90.927604
83.098378    88.621472
82.474003    76.094996
56.375477    98.308104
72.994819    87.839193
68.643454    96.693457
79.872363    82.932007
73.315930    86.946815
75.771011    82.496715
78.231335    80.900279
77.049408    81.864872
75.606660    81.918171
76.638716    81.867720
75.900019    84.135521
77.597087    77.294363
77.259785    83.582646
79.985468    82.970904
72.525058    85.969969
75.336113    83.045030
77.107336    81.864525
76.081068    77.432073
74.525310    77.594650
82.297168    86.680518
99.973396    95.966596
73.648307    82.981769
65.535158    81.732640
72.690836    82.502955
78.183760    80.932341
77.203130    81.869124
72.784351    82.499435
80.274171    79.811897
72.647345    82.073291
87.934496    77.195466
76.024193    82.307652
85.021022    93.393721
48.179637    80.544587
76.168421    77.395801
72.969227    82.760190
84.682701    89.792494
88.764430    95.826266
72.763620    82.451832
82.541369    86.740329
90.579530    96.855623
78.155020    80.956100
56.162742    99.466403
80.364798    83.079578
87.064758    93.223331
83.508308    79.061997
81.974853    83.528811
76.358238    82.235803
78.999734    78.355094
74.577504    79.036635
78.849451    83.431349
76.057119    83.659027
77.286262    83.601833
74.812361    77.619338
64.248362    95.582522
72.618611    82.108500
76.803779    81.803348
84.539510    101.566782
73.939548    86.339315
77.413568    83.934636
81.708491    83.525352
66.539522    91.951011
56.375477    98.308104
72.994819    87.839193
68.643454    96.693457
79.872363    82.932007
73.315930    86.946815
75.771011    82.496715
78.231335    80.900279
77.049408    81.864872
75.606660    81.918171
76.638716    81.867720
75.900019    84.135521
77.597087    77.294363
77.259785    83.582646
79.985468    82.970904
72.525058    85.969969
75.336113    83.045030
77.107336    81.864525
76.081068    77.432073
74.525310    77.594650
82.297168    86.680518
99.973396    95.966596
73.648307    82.981769
65.535158    81.732640
72.690836    82.502955
78.183760    80.932341
77.203130    81.869124
72.784351    82.499435
80.274171    79.811897
72.647345    82.073291
87.934496    77.195466
76.024193    82.307652
85.021022    93.393721
48.179637    80.544587
76.168421    77.395801
72.969227    82.760190
84.682701    89.792494
88.764430    95.826266
72.763620    82.451832
82.541369    86.740329
90.579530    96.855623
78.155020    80.956100
56.162742    99.466403
80.364798    83.079578
87.064758    93.223331
83.508308    79.061997
81.974853    83.528811
76.358238    82.235803
78.999734    78.355094
74.577504    79.036635
78.849451    83.431349
76.057119    83.659027
77.286262    83.601833
74.812361    77.619338
64.248362    95.582522
72.618611    82.108500
76.803779    81.803348
84.539510    101.566782
73.939548    86.339315
77.413568    83.934636
81.708491    83.525352
66.539522    91.951011
56.375477    98.308104
72.994819    87.839193
68.643454    96.693457
79.872363    82.932007
73.315930    86.946815
75.771011    82.496715
78.231335    80.900279
77.049408    81.864872
75.606660    81.918171
76.638716    81.867720
75.900019    84.135521
77.597087    77.294363
77.259785    83.582646
79.985468    82.970904
72.525058    85.969969
75.336113    83.045030
77.107336    81.864525
76.081068    77.432073
74.525310    77.594650
82.297168    86.680518
99.973396    95.966596
73.648307    82.981769
65.535158    81.732640
72.690836    82.502955
78.183760    80.932341
77.203130    81.869124
72.784351    82.499435
80.274171    79.811897
72.647345    82.073291
87.934496    77.195466
76.024193    82.307652
85.021022    93.393721
48.179637    80.544587
76.168421    77.395801
72.969227    82.760190
84.682701    89.792494
88.764430    95.826266
72.763620    82.451832
82.541369    86.740329
90.579530    96.855623
78.155020    80.956100
56.162742    99.466403
80.364798    83.079578
87.064758    93.223331
83.508308    79.061997
81.974853    83.528811
76.358238    82.235803
78.999734    78.355094
74.577504    79.036635
78.849451    83.431349
76.057119    83.659027
77.286262    83.601833
74.812361    77.619338
64.248362    95.582522
72.618611    82.108500
76.803779    81.803348
84.539510    101.566782
73.939548    86.339315
77.413568    83.934636
81.708491    83.525352
66.539522    91.951011
