79.135100    112.560485
84.282453    115.452882
88.040625    125.606256
65.796380    72.239949
85.224987    115.226727
93.552677    74.280130
90.068662    112.136184
110.681121    129.397598
42.829066    93.405905
41.579727    120.147638
65.450257    124.547665
77.187040    125.393946
88.000816    86.321006
67.063861    124.681899
109.564071    129.533625
116.800507    126.084867
110.645512    129.209215
40.976151    92.975401
50.989552    123.737386
92.138573    108.912292
88.737182    126.392016
104.610015    125.781076
102.614770    102.688914
58.997013    124.332899
60.656081    123.788101
77.361297    125.474101
42.648728    93.316139
86.232397    125.997766
81.060957    90.077844
59.710648    97.359095
54.656246    123.832928
61.028586    123.702661
93.416950    74.019019
93.731911    110.377419
59.009073    124.564680
77.373987    125.271250
88.717339    126.420208
87.179861    77.656543
82.150284    90.798087
56.498438    118.546790
66.300023    72.461266
93.610437    74.557839
40.231268    112.409066
86.781824    114.518253
84.432835    82.677837
68.509363    108.001879
41.861547    120.012562
66.103206    72.298788
60.048366    82.692532
84.404358    82.582845
137.717425    75.675554
81.046574    90.243896
36.476277    118.295135
54.395275    113.271296
92.003434    109.556365
58.379391    124.624092
75.031741    119.655550
91.862323    121.150887
110.234970    129.061807
125.355105    72.593523
124.248388    86.174739
57.896908    116.130481
86.823168    106.429132
55.583132    118.517596
