80.174381    78.056991
85.876945    82.680747
79.979471    82.390998
72.827800    77.431826
75.869932    83.356917
79.022159    81.317827
82.811886    74.863612
81.722547    82.788069
79.670487    74.618980
74.342762    75.269449
72.448128    84.110676
78.749219    82.033474
70.796022    83.524919
78.917563    74.845052
80.820821    80.398041
89.130824    77.553271
71.286233    83.877609
82.321949    75.409252
66.393394    91.472241
79.690402    74.789986
86.515366    80.689692
71.661347    75.067048
81.542757    82.785457
80.674050    77.158511
84.083946    94.853140
89.690970    93.201792
83.487491    76.690379
73.252858    84.281546
75.304497    78.356883
83.405305    86.850680
75.190822    76.830885
79.341814    83.293982
84.485796    79.234640
71.136975    76.521873
86.510492    83.895431
92.976087    92.451642
75.809926    77.486000
80.866073    79.119283
66.156894    99.293674
61.670222    110.313411
105.212087    87.829692
96.718726    66.823908
101.743456    66.656727
62.737122    77.759954
79.501462    79.448520
96.123542    90.045319
77.008544    85.628738
105.527151    87.865011
49.195792    77.126205
94.753781    65.770462
78.994874    85.047874
82.332523    87.165849
94.766065    73.586367
50.391974    76.804062
93.422279    77.049581
102.026394    66.663648
63.030316    77.765028
93.368638    76.979540
103.965989    66.268576
114.366248    65.974980
78.968324    85.082356
94.120558    75.770238
103.176573    102.924951
108.840429    67.892167
107.305236    87.987178
73.005461    86.972018
86.719685    90.258439
72.595102    97.393516
86.273121    98.966962
82.114571    88.141387
53.132531    105.485796
92.825013    78.454657
62.765500    82.920785
94.204929    118.642807
66.614088    98.286137
86.505364    99.406911
106.998683    88.123955
54.782181    101.210522
79.568055    79.420126
63.079962    94.143486
77.596216    86.234471
79.536802    88.262444
85.956872    98.160237
79.537488    79.415622
62.963251    77.716863
65.422405    101.043378
71.820694    96.392881
101.995677    66.517276
72.405676    97.345919
101.274708    103.276792
94.671811    73.473062
62.635060    83.389128
101.586158    79.835636
66.089213    94.911178
68.781407    92.566531
88.130240    94.734451
102.977391    98.395320
54.809773    100.543818
90.426358    98.866680
101.354409    104.731402
114.360161    107.481342
63.062709    77.634985
65.425980    94.867655
96.043194    91.515895
58.393417    109.187295
66.263480    98.770702
85.631954    99.639301
79.548723    79.339498
107.780489    88.137866
62.798549    77.678483
102.052634    66.347523
49.171178    76.740380
64.803995    93.761792
74.116434    86.459150
85.988820    88.691653
66.156894    99.293674
61.670222    110.313411
105.212087    87.829692
96.718726    66.823908
101.743456    66.656727
62.737122    77.759954
79.501462    79.448520
96.123542    90.045319
77.008544    85.628738
105.527151    87.865011
49.195792    77.126205
94.753781    65.770462
78.994874    85.047874
82.332523    87.165849
94.766065    73.586367
50.391974    76.804062
93.422279    77.049581
102.026394    66.663648
63.030316    77.765028
93.368638    76.979540
103.965989    66.268576
114.366248    65.974980
78.968324    85.082356
94.120558    75.770238
103.176573    102.924951
108.840429    67.892167
107.305236    87.987178
73.005461    86.972018
86.719685    90.258439
72.595102    97.393516
86.273121    98.966962
82.114571    88.141387
53.132531    105.485796
92.825013    78.454657
62.765500    82.920785
94.204929    118.642807
66.614088    98.286137
86.505364    99.406911
106.998683    88.123955
54.782181    101.210522
79.568055    79.420126
63.079962    94.143486
77.596216    86.234471
79.536802    88.262444
85.956872    98.160237
79.537488    79.415622
62.963251    77.716863
65.422405    101.043378
71.820694    96.392881
101.995677    66.517276
72.405676    97.345919
101.274708    103.276792
94.671811    73.473062
62.635060    83.389128
101.586158    79.835636
66.089213    94.911178
68.781407    92.566531
88.130240    94.734451
102.977391    98.395320
54.809773    100.543818
90.426358    98.866680
101.354409    104.731402
114.360161    107.481342
63.062709    77.634985
65.425980    94.867655
96.043194    91.515895
58.393417    109.187295
66.263480    98.770702
85.631954    99.639301
79.548723    79.339498
107.780489    88.137866
62.798549    77.678483
102.052634    66.347523
49.171178    76.740380
64.803995    93.761792
74.116434    86.459150
85.988820    88.691653
66.156894    99.293674
61.670222    110.313411
105.212087    87.829692
96.718726    66.823908
101.743456    66.656727
62.737122    77.759954
79.501462    79.448520
96.123542    90.045319
77.008544    85.628738
105.527151    87.865011
49.195792    77.126205
94.753781    65.770462
78.994874    85.047874
82.332523    87.165849
94.766065    73.586367
50.391974    76.804062
93.422279    77.049581
102.026394    66.663648
63.030316    77.765028
93.368638    76.979540
103.965989    66.268576
114.366248    65.974980
78.968324    85.082356
94.120558    75.770238
103.176573    102.924951
108.840429    67.892167
107.305236    87.987178
73.005461    86.972018
86.719685    90.258439
72.595102    97.393516
86.273121    98.966962
82.114571    88.141387
53.132531    105.485796
92.825013    78.454657
62.765500    82.920785
94.204929    118.642807
66.614088    98.286137
86.505364    99.406911
106.998683    88.123955
54.782181    101.210522
79.568055    79.420126
63.079962    94.143486
77.596216    86.234471
79.536802    88.262444
85.956872    98.160237
79.537488    79.415622
62.963251    77.716863
65.422405    101.043378
71.820694    96.392881
101.995677    66.517276
72.405676    97.345919
101.274708    103.276792
94.671811    73.473062
62.635060    83.389128
101.586158    79.835636
66.089213    94.911178
68.781407    92.566531
88.130240    94.734451
102.977391    98.395320
54.809773    100.543818
90.426358    98.866680
101.354409    104.731402
114.360161    107.481342
63.062709    77.634985
65.425980    94.867655
96.043194    91.515895
58.393417    109.187295
66.263480    98.770702
85.631954    99.639301
79.548723    79.339498
107.780489    88.137866
62.798549    77.678483
102.052634    66.347523
49.171178    76.740380
64.803995    93.761792
74.116434    86.459150
85.988820    88.691653
