84.496803    88.996667
120.026996    69.961440
117.991745    76.671579
82.225957    85.953296
117.230523    78.859746
88.407215    92.890353
83.642048    87.713126
104.620579    100.241588
105.953966    100.189745
92.921428    88.851740
87.095843    96.566777
85.471631    91.960107
83.788014    86.871153
85.440725    94.461233
83.841540    88.332540
83.636382    87.785581
102.166430    96.939007
84.296691    97.059154
83.063545    91.798128
78.593040    107.205588
79.733489    96.772376
96.677200    107.892442
61.210826    106.608205
79.088370    106.138368
104.026173    97.693048
85.044465    90.515380
76.445380    99.577843
98.257734    92.275375
119.031041    96.988960
128.320260    56.785100
68.417802    72.629827
125.169733    55.369140
126.409654    66.171181
69.353377    72.609924
99.278406    85.241279
89.751275    96.235159
112.742668    102.355258
102.881213    73.555558
126.308006    66.094100
82.079071    90.410101
83.330164    94.287463
110.982587    102.518192
102.885050    73.529787
81.105993    89.253679
102.808145    73.468717
99.137375    85.049223
84.443088    93.620748
114.952845    91.893271
45.691644    112.738669
110.451831    98.424451
105.862554    90.085926
84.275567    94.184589
110.606071    98.750411
88.217099    86.960088
116.416190    91.909807
81.199686    100.767826
83.919441    93.749020
128.320260    56.785100
68.417802    72.629827
125.169733    55.369140
126.409654    66.171181
69.353377    72.609924
99.278406    85.241279
89.751275    96.235159
112.742668    102.355258
102.881213    73.555558
126.308006    66.094100
82.079071    90.410101
83.330164    94.287463
110.982587    102.518192
102.885050    73.529787
81.105993    89.253679
102.808145    73.468717
99.137375    85.049223
84.443088    93.620748
114.952845    91.893271
45.691644    112.738669
110.451831    98.424451
105.862554    90.085926
84.275567    94.184589
110.606071    98.750411
88.217099    86.960088
116.416190    91.909807
81.199686    100.767826
83.919441    93.749020
