49.486016    110.624898
45.923038    91.604768
73.161821    105.825910
56.826385    82.494360
65.668621    108.362167
68.113817    107.328586
48.312675    67.129378
78.460746    100.919753
48.551938    66.959862
83.364616    98.125287
71.164522    77.684590
72.417424    77.987035
45.636247    92.511334
78.657613    97.973050
79.860145    96.377176
62.994460    107.841456
76.159488    103.870750
89.119890    92.506846
76.342794    102.562930
66.783835    90.921824
90.725065    93.239056
81.969801    99.295487
52.747486    85.969586
