68.776232    102.037347
46.986903    108.599259
127.149934    106.845087
104.442745    114.893827
91.412487    126.884465
106.001226    117.740172
70.557645    100.794072
124.428305    62.380717
85.140145    94.661268
46.723525    109.102007
45.536520    110.259045
131.074087    61.990755
85.082516    94.823353
91.751136    126.347013
129.797079    94.436995
84.956843    94.537957
136.067081    95.759057
107.893900    86.823164
46.990008    108.795939
99.859378    104.450029
104.661571    103.117937
85.055738    128.093555
102.370300    121.238397
105.547148    116.896686
84.835607    94.821160
