43.308074    88.353050
75.822809    85.592162
75.998032    85.593171
43.340759    89.078297
39.532620    81.360604
75.856569    85.745600
62.299548    57.089395
75.956370    85.721597
62.077677    56.920524
76.130338    85.912672
57.314568    78.381236
62.212629    56.772547
76.142395    85.742189
94.016115    93.573297
56.547315    59.483958
76.276354    85.889500
80.848539    99.211145
62.312376    57.457704
43.601079    90.338909
57.584183    89.930488
36.977203    82.576536
65.554003    94.846434
67.389681    112.872119
64.027064    118.622048
65.290637    118.873765
55.392160    46.589701
40.672026    73.954621
57.343220    82.248529
50.422799    68.064664
117.885514    75.682917
109.014630    126.597473
56.498846    59.574188
37.616551    115.559387
95.267782    98.492998
34.872636    113.045709
88.615845    96.411594
68.883942    107.254393
118.140952    75.526754
112.252252    127.849064
41.803915    122.055239
112.116681    130.417305
99.564275    108.489990
81.039235    99.564830
67.060752    111.634081
94.274870    94.113817
65.009997    101.753227
68.291054    105.682250
59.733286    118.918304
