104.068495    84.552077
103.366104    85.516997
47.210449    71.650230
103.706797    85.171523
111.293836    48.510516
83.452230    56.689212
48.097812    70.831649
83.714405    56.916490
47.743433    70.496480
111.386185    48.295517
69.366819    104.489038
89.894125    92.224461
69.121652    103.119462
85.081491    93.363841
58.605673    94.565213
47.048929    71.292993
78.358288    60.301378
78.498063    61.389198
48.508790    72.071190
85.435974    84.830564
86.041428    86.240410
70.215947    105.777580
77.609945    102.036268
48.178383    71.746228
69.865266    104.715303
120.483217    62.570261
101.812838    89.777631
72.085242    86.522690
47.151582    70.571002
58.366950    94.106391
69.433593    104.764640
103.696216    77.491427
128.236969    68.714742
46.907095    70.144183
76.911812    60.127895
104.065779    70.596279
100.204671    71.552074
70.101894    87.498964
134.166549    64.893799
112.750448    73.462402
34.420411    101.056584
77.284378    101.754850
