41.429869    86.454333
74.765006    82.680478
74.936874    82.609873
41.425365    86.967941
36.904042    79.687811
74.798705    82.830409
43.228476    83.166420
58.230400    53.313505
74.904717    82.760180
57.997872    53.127592
75.066822    82.996163
54.935217    76.077284
58.132956    52.960444
66.382731    114.421744
75.073641    82.823778
58.415075    116.226708
75.254000    83.024650
70.303197    108.191270
81.027666    96.075597
58.216080    53.592353
54.460630    102.984819
41.689257    88.123215
41.788049    119.994353
56.219728    87.703309
34.256950    80.439312
65.315604    92.777948
68.504012    109.379099
65.125021    115.209084
66.324085    115.050205
37.354037    71.260334
55.267209    80.067930
