48.034195    76.773639
76.720063    90.492681
92.050275    90.323382
117.819147    85.102497
71.956034    95.076140
79.219710    90.024118
80.741414    87.534226
85.086240    85.727951
92.807448    90.342198
77.013982    90.474586
80.723533    88.836906
105.683120    70.320838
111.995880    70.140814
45.066162    76.034211
85.466574    88.940053
106.828535    91.522569
65.821375    92.882498
77.378606    90.474226
110.379891    95.263188
88.503275    89.586160
63.476485    92.222883
49.450989    77.012741
84.995655    85.807455
100.488922    93.775682
108.173196    100.438189
60.782577    106.711749
103.708936    110.706192
80.701866    87.948333
92.768963    90.288851
117.174737    84.703687
66.822362    99.443919
80.378545    89.064882
81.738647    88.978291
117.442640    80.842358
64.214759    91.974666
110.398776    70.142494
75.315171    84.318775
63.369334    92.847201
45.604713    76.358383
105.849749    70.200760
76.009520    84.561240
117.250832    84.418798
81.229172    87.883142
75.448336    84.404932
117.480387    84.462053
49.246300    97.727803
53.723555    78.064553
85.040521    85.780646
110.584896    70.290663
54.287464    94.863950
61.102257    93.825469
117.240706    84.622398
58.487466    94.832138
75.949130    84.707992
74.893355    91.012185
48.889496    98.381699
76.571168    94.672599
117.554101    69.686688
109.495106    110.235091
75.867305    90.788292
81.787674    89.021491
92.488074    93.819599
68.117964    103.080884
106.045801    70.283386
115.711551    84.653993
81.031515    87.942152
75.613889    84.497202
58.201501    94.925553
53.319617    77.403829
75.995934    84.660328
74.263507    100.455868
48.847465    98.451270
92.739923    93.890542
