60.092799    129.902933
71.548173    123.267033
42.911520    93.079108
66.425509    92.795417
76.021826    127.210734
112.180159    122.514773
70.780122    96.817462
105.197633    77.538975
66.408106    92.741566
115.322206    77.371132
103.529645    110.256880
97.688443    115.693079
140.552271    73.698661
66.661641    92.617481
75.040391    119.448925
98.377288    48.429632
110.583756    109.610562
86.318253    104.511958
96.492591    114.877762
110.186054    77.616496
107.589783    105.492132
95.465634    115.384272
105.213188    116.190766
