43.921329    120.982834
63.419852    114.856465
77.150882    99.597134
63.244026    115.090647
117.095353    120.219572
100.772990    72.187315
102.994231    92.474500
58.914493    110.537097
103.138831    115.045064
56.596299    112.544943
71.237417    99.958593
86.899332    107.376940
99.695283    101.037057
63.711539    115.075490
98.662927    127.248637
132.106837    75.993237
103.262816    92.698373
63.774133    115.106551
112.935035    70.250108
121.023285    122.686388
132.018193    75.962818
102.884403    92.525662
58.450823    110.837547
70.340427    101.472272
89.914383    98.814401
98.454429    108.373671
123.634989    110.812908
109.581971    129.490387
130.565876    52.155564
133.421525    66.636544
