81.934999    86.064291
106.348357    71.387445
110.870028    71.271763
82.738164    88.072969
103.723907    77.348652
77.601509    83.310909
102.592385    79.248600
82.658335    88.082307
81.792901    87.378262
82.105213    85.584097
91.857916    93.683254
91.676306    94.521173
81.368824    86.653488
92.593804    94.598461
81.630536    85.507764
83.053558    86.001298
81.886637    85.675295
95.666739    90.926279
81.690522    88.225828
82.417969    85.827133
82.008011    85.731146
81.950962    85.254432
108.964069    100.839488
84.562877    102.264696
80.436776    93.997373
81.622527    85.469553
81.428447    89.021929
106.982719    103.788636
81.873252    85.567584
79.653829    92.866572
98.257351    108.767863
113.386232    70.487769
81.723022    86.207896
81.776262    85.315150
81.498905    86.126960
89.319550    91.372743
76.518860    97.191961
76.890303    92.631170
67.309191    108.346646
69.442039    99.306223
84.952626    102.716256
120.717625    56.405130
125.994103    57.674982
67.815730    71.594917
54.492784    70.254447
117.773591    54.703465
119.093323    65.903480
55.673065    70.113724
126.196038    57.723895
67.730325    71.770104
92.440659    85.803919
80.300972    87.589140
81.680721    99.900235
104.447705    104.085638
68.148212    79.116690
104.734226    104.433971
94.940242    73.847240
88.771678    87.688749
95.085979    73.578206
68.055076    71.440843
126.129046    57.540736
123.565855    106.673489
119.066449    65.777080
127.361012    75.739842
67.723097    71.735583
72.466338    94.675457
73.729509    99.194023
103.113654    104.691554
95.001827    73.624231
67.858665    71.669098
126.077934    57.461033
71.153847    93.407985
82.534393    87.016972
105.302900    91.244523
107.180943    91.212139
84.552810    85.642565
94.941234    73.529397
87.007884    86.206874
92.216317    85.594999
87.684962    86.487320
82.487006    86.629079
110.809036    96.040696
123.981849    107.770986
94.940010    73.677568
128.568473    57.369421
88.731993    87.694825
106.484339    93.560937
82.991015    86.951477
85.004953    86.100770
105.310558    91.460474
96.349059    90.960506
106.595768    92.859149
126.511751    98.635580
98.756903    89.517111
125.106255    105.847029
51.345037    122.278618
120.717625    56.405130
125.994103    57.674982
67.815730    71.594917
54.492784    70.254447
117.773591    54.703465
119.093323    65.903480
55.673065    70.113724
126.196038    57.723895
67.730325    71.770104
92.440659    85.803919
80.300972    87.589140
81.680721    99.900235
104.447705    104.085638
68.148212    79.116690
104.734226    104.433971
94.940242    73.847240
88.771678    87.688749
95.085979    73.578206
68.055076    71.440843
126.129046    57.540736
123.565855    106.673489
119.066449    65.777080
127.361012    75.739842
67.723097    71.735583
72.466338    94.675457
73.729509    99.194023
103.113654    104.691554
95.001827    73.624231
67.858665    71.669098
126.077934    57.461033
71.153847    93.407985
82.534393    87.016972
105.302900    91.244523
107.180943    91.212139
84.552810    85.642565
94.941234    73.529397
87.007884    86.206874
92.216317    85.594999
87.684962    86.487320
82.487006    86.629079
110.809036    96.040696
123.981849    107.770986
94.940010    73.677568
128.568473    57.369421
88.731993    87.694825
106.484339    93.560937
82.991015    86.951477
85.004953    86.100770
105.310558    91.460474
96.349059    90.960506
106.595768    92.859149
126.511751    98.635580
98.756903    89.517111
125.106255    105.847029
51.345037    122.278618
