84.846906    90.906329
110.697741    106.746507
66.199625    73.343033
66.266021    75.965527
76.488811    88.415084
66.674902    66.907822
101.362279    105.442402
81.650854    106.611624
88.166483    97.303214
67.213182    80.252879
102.711124    77.965509
74.329645    88.167088
65.472910    76.754302
115.575611    94.676178
66.842395    78.372812
104.749824    74.767739
122.444210    86.402325
103.971815    78.882863
100.878864    85.584210
65.886395    74.281639
101.809383    78.622129
72.206405    87.991311
98.344088    95.200669
103.862774    77.483293
96.278164    90.953329
105.028192    73.653031
66.890336    66.289488
97.538918    76.134441
89.937131    116.227044
66.503801    68.220277
82.543609    102.180087
87.874339    97.811039
98.886105    85.172986
98.995990    89.421940
102.179966    119.406870
114.823244    109.639519
97.132925    76.978703
97.247497    77.466418
101.271395    104.035909
86.710196    82.395386
98.563344    90.481478
66.029721    69.858654
81.812193    105.527810
82.261581    102.182865
104.878046    72.676408
89.515213    91.255434
111.927348    107.459024
97.617397    72.861168
99.617043    90.338595
98.310204    92.545126
96.110264    75.570255
61.648034    100.280529
56.354103    64.314247
86.800504    91.003391
99.934602    102.392450
65.995106    96.132718
84.517654    91.997398
86.463892    96.668964
98.407987    98.314593
67.324885    72.438350
105.192590    72.807083
105.063685    71.857978
49.584963    57.738991
50.365406    55.308137
49.357054    58.593411
111.453377    86.192050
111.760389    85.050765
111.917501    85.145480
74.773667    111.389677
111.625505    86.388615
75.829840    100.991969
104.561404    75.983236
111.887942    63.395604
73.832010    115.655921
109.218499    95.168962
122.076291    110.369040
109.116919    96.828498
128.778350    90.769053
89.552270    104.856858
52.885927    49.436642
114.512083    58.802763
136.540665    78.168167
111.604458    63.654790
114.486234    64.710875
109.621935    95.931318
112.761174    75.434107
114.163343    62.500704
78.842892    96.789534
108.629277    99.908885
52.565419    60.421148
114.459131    57.287934
104.866008    58.097350
134.891496    78.142304
51.805894    49.478695
130.254067    91.551244
52.830209    47.679432
49.081195    78.710041
106.049819    98.997756
89.717986    104.890522
48.891922    60.494454
113.972276    57.504700
125.891682    113.450958
104.565286    59.798367
110.260571    109.093101
104.895073    60.473704
129.447163    91.157996
52.596350    48.216638
130.171309    90.450655
114.192982    57.684314
49.107747    67.407054
74.530087    109.892222
119.192597    110.064281
74.640491    111.209791
52.896596    54.563440
113.545263    52.476695
50.923030    62.238387
42.832226    100.362618
50.057187    58.230805
76.059858    96.834064
61.342205    73.647980
76.075271    83.132288
73.751798    82.294481
104.397698    75.927742
105.192590    72.807083
105.063685    71.857978
49.584963    57.738991
50.365406    55.308137
49.357054    58.593411
111.453377    86.192050
111.760389    85.050765
111.917501    85.145480
74.773667    111.389677
111.625505    86.388615
75.829840    100.991969
104.561404    75.983236
111.887942    63.395604
73.832010    115.655921
109.218499    95.168962
122.076291    110.369040
109.116919    96.828498
128.778350    90.769053
89.552270    104.856858
52.885927    49.436642
114.512083    58.802763
136.540665    78.168167
111.604458    63.654790
114.486234    64.710875
109.621935    95.931318
112.761174    75.434107
114.163343    62.500704
78.842892    96.789534
108.629277    99.908885
52.565419    60.421148
114.459131    57.287934
104.866008    58.097350
134.891496    78.142304
51.805894    49.478695
130.254067    91.551244
52.830209    47.679432
49.081195    78.710041
106.049819    98.997756
89.717986    104.890522
48.891922    60.494454
113.972276    57.504700
125.891682    113.450958
104.565286    59.798367
110.260571    109.093101
104.895073    60.473704
129.447163    91.157996
52.596350    48.216638
130.171309    90.450655
114.192982    57.684314
49.107747    67.407054
74.530087    109.892222
119.192597    110.064281
74.640491    111.209791
52.896596    54.563440
113.545263    52.476695
50.923030    62.238387
42.832226    100.362618
50.057187    58.230805
76.059858    96.834064
61.342205    73.647980
76.075271    83.132288
73.751798    82.294481
104.397698    75.927742
