71.236394    108.523654
115.783762    116.267380
125.835597    56.732804
90.081034    96.238142
90.114665    96.377468
102.768333    126.670480
89.886064    96.113855
113.706061    83.904437
54.957643    115.264859
115.317237    115.463951
89.880652    96.253657
131.154095    55.801611
89.791510    96.185033
120.383227    59.684595
113.298406    84.186309
55.071271    116.534761
112.134668    102.542836
55.015893    116.714776
89.768623    96.256673
139.473860    93.201314
102.567653    127.402342
