75.209307    101.327322
121.632751    103.585110
121.138228    46.130402
117.364972    71.434975
62.033885    111.050780
78.929368    98.570056
61.394910    111.401216
117.107135    71.757523
80.816085    96.771213
120.610187    87.682925
63.501382    108.474992
120.149769    101.884535
120.847164    46.117919
61.961220    111.180622
135.777950    58.444036
137.895139    87.645024
78.481808    98.826023
119.913633    107.744096
92.665763    88.068044
120.046878    87.719984
135.621832    79.160482
34.439570    103.457587
61.900084    111.084643
63.253174    108.907942
115.821723    100.786517
126.786698    114.050457
116.992763    72.123157
125.266085    118.044150
83.316418    125.902292
126.744720    114.265152
92.744288    88.343163
116.621370    100.452733
122.652851    101.141226
85.882081    124.905044
93.116061    87.550368
111.437213    90.766444
64.002633    108.155271
132.250744    113.047095
49.243963    125.218915
84.250728    124.239142
108.862988    113.858868
