68.428763    101.846969
46.224232    107.510863
126.685202    107.546055
103.696051    115.120569
90.398303    127.000272
105.210832    118.016056
70.115312    100.279532
107.958577    86.728971
100.487311    104.885967
124.819407    62.994510
84.910145    94.539416
46.091134    108.125608
44.852628    109.264307
131.554564    62.732084
84.842785    94.707096
90.702479    126.488442
129.463407    95.345444
84.723762    94.465060
135.891413    96.725572
107.761286    87.166176
46.337127    107.776846
99.425365    104.616696
104.138396    103.422071
83.963385    128.016096
101.380045    121.425608
104.698465    117.190462
