113.341379    109.845623
86.106312    90.428446
102.776416    83.672160
87.380167    80.826759
75.601393    89.736993
86.958877    89.464507
106.799348    114.452969
85.361260    73.966067
86.812446    86.880332
64.398529    91.262390
64.716821    102.700032
76.236706    86.539764
76.974714    72.702711
69.020919    84.867465
101.653119    103.448830
87.223326    92.243479
55.487438    82.940003
63.425245    103.317032
87.461018    92.469401
66.538556    91.491882
84.110920    90.128710
71.996483    92.354485
78.874709    93.281632
77.093651    98.121394
86.955788    85.487590
90.022953    57.339325
116.989658    111.635533
113.917911    109.624127
89.156926    59.149552
87.264804    81.060197
90.966448    79.700224
112.695262    120.963354
90.883733    80.678551
84.848779    69.825182
65.864398    75.836841
63.591294    68.118060
55.323885    82.990624
84.917156    71.528490
113.036966    109.455936
89.674429    58.851994
64.980354    52.150958
45.397202    105.423081
109.300029    107.757861
90.932610    80.041743
57.344694    75.547389
66.191618    91.674951
48.805617    74.329527
44.736398    105.398573
89.386842    95.722493
69.718274    82.879570
61.857861    92.420351
88.703188    95.401917
89.761135    82.111921
52.281738    88.563831
86.955788    85.487590
90.022953    57.339325
116.989658    111.635533
113.917911    109.624127
89.156926    59.149552
87.264804    81.060197
90.966448    79.700224
112.695262    120.963354
90.883733    80.678551
84.848779    69.825182
65.864398    75.836841
63.591294    68.118060
55.323885    82.990624
84.917156    71.528490
113.036966    109.455936
89.674429    58.851994
64.980354    52.150958
45.397202    105.423081
109.300029    107.757861
90.932610    80.041743
57.344694    75.547389
66.191618    91.674951
48.805617    74.329527
44.736398    105.398573
89.386842    95.722493
69.718274    82.879570
61.857861    92.420351
88.703188    95.401917
89.761135    82.111921
52.281738    88.563831
