108.516048    94.812554
70.444100    110.072739
76.036374    109.212734
86.060589    88.765200
85.999165    91.115887
85.841054    91.593151
86.196226    91.995096
73.500207    108.651160
86.218143    92.201442
66.964055    92.458070
69.910911    96.397156
75.599894    107.277870
79.442917    68.345454
81.853830    104.097293
72.721855    78.997342
86.113639    88.055535
58.507586    98.180826
71.058124    110.525731
86.507361    88.578197
74.026500    95.982733
80.397729    105.881102
86.339545    88.722906
88.847553    94.502317
80.976242    104.955385
61.666560    115.176536
74.070495    66.681318
79.819059    94.713727
75.609398    66.290757
75.295075    81.656263
73.321891    74.011222
75.402737    81.204106
85.577857    92.227865
85.978585    91.988362
65.534889    104.271977
85.856091    89.067168
64.620925    91.233690
85.982778    92.194442
61.451955    103.692152
73.586448    66.394890
85.734466    89.121592
67.304444    103.512931
87.680279    90.307161
90.180859    97.132095
96.820009    87.704888
65.903716    116.907559
58.121290    120.672034
75.683293    93.414940
86.046969    89.907913
84.892693    74.705577
83.457425    86.636435
85.551847    90.234573
85.636852    90.037310
69.190983    50.226852
39.063533    97.868431
38.129784    99.195079
50.786361    107.945844
47.808791    120.539688
49.261801    88.518128
92.637831    95.597238
47.053359    105.403495
81.590620    83.314034
46.414248    88.723821
84.644669    91.202989
66.470834    94.912843
82.633845    92.152947
47.134523    102.598373
84.822152    83.865461
84.537571    91.853937
84.456055    75.265486
49.755047    74.637602
62.009889    65.633633
61.698621    56.272357
76.476151    110.140050
41.343840    83.888777
48.081823    73.054899
84.530235    89.770990
44.609042    104.749624
60.832680    115.187518
68.811726    112.199887
34.008521    45.543979
