90.387346    92.410380
110.568063    108.548960
85.940172    90.602266
86.018725    90.435474
99.952447    84.223719
101.044595    102.827640
86.772397    80.836229
73.089719    89.476870
86.124861    89.198090
104.193960    112.607650
87.860732    79.200841
73.564270    89.214972
69.925377    90.600061
86.319225    87.502024
61.964956    91.384023
63.283089    103.070422
75.006425    86.453907
86.101737    90.410013
80.842640    92.459368
81.425913    94.687403
76.019884    72.663008
86.357858    90.219491
81.702923    94.925036
67.577729    84.834795
85.975095    90.491654
61.842969    92.589687
98.836335    101.537945
84.845885    85.572983
125.143916    114.382322
88.059225    57.224670
125.395902    114.619355
85.788509    50.354382
114.944887    110.875485
111.816638    108.896922
125.790762    115.388213
86.899758    59.214907
86.039873    80.982623
89.549100    79.673252
110.822004    120.449275
89.485753    80.614646
83.309933    69.878065
63.778949    75.648790
61.333068    67.656742
50.349854    83.276484
83.347912    71.487154
110.725231    108.227278
88.128332    59.293438
63.428545    52.155861
44.319360    105.285163
106.781635    106.312299
89.310964    79.984680
55.928171    75.344303
88.775990    81.999528
47.398189    74.177272
84.845885    85.572983
125.143916    114.382322
88.059225    57.224670
125.395902    114.619355
85.788509    50.354382
114.944887    110.875485
111.816638    108.896922
125.790762    115.388213
86.899758    59.214907
86.039873    80.982623
89.549100    79.673252
110.822004    120.449275
89.485753    80.614646
83.309933    69.878065
63.778949    75.648790
61.333068    67.656742
50.349854    83.276484
83.347912    71.487154
110.725231    108.227278
88.128332    59.293438
63.428545    52.155861
44.319360    105.285163
106.781635    106.312299
89.310964    79.984680
55.928171    75.344303
88.775990    81.999528
47.398189    74.177272
