107.910641    95.734377
53.707364    73.544961
54.694681    78.188164
56.119821    66.374533
56.446204    104.653162
92.714473    79.802046
80.128768    107.665866
53.647193    89.860667
84.609293    102.634849
54.055271    71.426653
88.633674    91.578859
81.305375    102.983365
84.780281    102.709827
59.714986    63.164286
53.877294    75.429938
87.644983    90.794132
89.250421    89.768720
89.009217    99.802531
86.864737    90.399796
56.777456    68.997548
55.538397    72.254668
62.812500    87.943820
87.719411    90.952779
83.375277    92.415598
89.028514    91.589893
60.549907    102.152230
80.443859    96.153756
83.014747    101.596414
84.987468    102.183934
89.131639    91.875537
82.531258    78.761060
87.953742    90.734021
88.434544    92.069048
87.660424    91.603583
89.437714    100.186001
80.263677    87.501871
59.513799    86.178510
87.882171    91.913099
83.828089    100.531493
58.953856    64.721197
81.952349    89.562682
81.007842    92.942898
84.079038    100.505750
58.326786    65.140004
81.155530    90.369309
87.779030    99.754154
59.807653    64.038962
82.593009    81.041509
74.317587    94.340041
88.119543    99.664501
82.017514    102.864749
71.052701    110.171739
91.022561    99.096691
71.176654    110.847480
82.944096    92.542188
83.370918    78.737513
87.917050    90.385092
60.498250    96.450389
82.466019    93.177076
85.572597    90.083645
90.514473    86.202722
85.598477    90.956024
86.335825    90.180657
60.751678    97.791501
70.677302    96.103781
83.778202    92.328103
86.165482    101.389226
85.289330    82.020400
85.496371    89.087337
89.923972    86.642198
60.891434    86.124547
85.439017    90.537961
85.808875    90.469734
36.634132    60.131250
37.180608    57.831151
36.319174    61.000106
36.750387    64.474427
40.396264    51.070367
112.131662    98.336985
73.341648    111.651679
39.767740    102.455552
79.506593    107.827740
37.772380    58.569115
74.063614    110.106935
80.084537    111.471070
91.362159    106.480152
72.362264    115.589566
43.663122    48.924736
81.785572    107.659232
75.321142    110.441548
76.193534    58.209464
44.770617    77.978462
94.243377    110.273447
60.364100    117.054232
98.862632    69.748714
57.550368    84.190907
94.974032    83.871299
97.435519    88.099736
40.965482    52.226092
75.378656    61.315569
97.137906    87.946585
57.955067    117.079719
58.324927    117.968682
77.159196    57.495631
76.887207    69.039935
53.703813    94.042180
79.207931    72.224512
97.039025    71.117453
39.788820    84.163294
79.895494    77.932101
52.744164    95.273495
72.114878    92.282602
95.593031    88.355434
63.926203    102.109410
88.344841    105.291870
95.562767    105.279708
37.694654    53.811830
81.720110    61.936711
80.149003    76.416686
81.590774    76.479738
96.049315    71.620183
41.616450    80.321167
36.634132    60.131250
37.180608    57.831151
36.319174    61.000106
36.750387    64.474427
40.396264    51.070367
112.131662    98.336985
73.341648    111.651679
39.767740    102.455552
79.506593    107.827740
37.772380    58.569115
74.063614    110.106935
80.084537    111.471070
91.362159    106.480152
72.362264    115.589566
43.663122    48.924736
81.785572    107.659232
75.321142    110.441548
76.193534    58.209464
44.770617    77.978462
94.243377    110.273447
60.364100    117.054232
98.862632    69.748714
57.550368    84.190907
94.974032    83.871299
97.435519    88.099736
40.965482    52.226092
75.378656    61.315569
97.137906    87.946585
57.955067    117.079719
58.324927    117.968682
77.159196    57.495631
76.887207    69.039935
53.703813    94.042180
79.207931    72.224512
97.039025    71.117453
39.788820    84.163294
79.895494    77.932101
52.744164    95.273495
72.114878    92.282602
95.593031    88.355434
63.926203    102.109410
88.344841    105.291870
95.562767    105.279708
37.694654    53.811830
81.720110    61.936711
80.149003    76.416686
81.590774    76.479738
96.049315    71.620183
41.616450    80.321167
