83.845141    88.473418
116.999670    69.625703
121.414441    69.996578
87.132260    91.894376
114.790323    76.250311
80.865258    84.958741
113.896043    78.422916
86.720627    91.751638
83.317249    87.320127
84.337049    89.893810
101.522824    98.821867
102.807604    98.803524
90.116807    88.186277
86.369076    88.014559
93.695842    105.919330
85.605384    95.661985
84.490474    91.293121
83.206093    86.454530
84.090851    93.894407
83.390795    88.004279
83.292246    87.518986
99.106765    95.594586
82.516853    96.983322
81.580754    92.241604
75.892994    107.612303
77.032645    97.854361
94.361508    106.348710
61.038136    108.209502
76.473929    106.586272
101.254725    96.374082
84.096246    89.882784
73.931363    100.472111
95.484029    91.228509
126.231099    55.299171
131.440366    56.549175
64.366666    70.771249
123.137766    53.751474
124.460929    64.822355
65.335288    70.721460
131.559504    56.662827
97.142856    84.403947
87.042432    96.150699
109.708908    102.108281
92.977342    86.041668
100.533131    72.449434
124.335902    64.758330
132.594755    74.593193
108.010621    102.268062
100.557571    72.405892
131.429391    56.391133
100.458549    72.336200
91.204451    84.671267
96.873678    84.229705
81.432684    93.860836
89.084147    84.472015
111.618257    91.310745
107.718185    98.206389
84.883424    84.410358
102.937211    89.354297
81.834346    94.359031
107.891024    98.370251
86.423910    86.340771
113.828563    91.235912
78.164720    101.686426
81.480158    93.906452
126.231099    55.299171
131.440366    56.549175
64.366666    70.771249
123.137766    53.751474
124.460929    64.822355
65.335288    70.721460
131.559504    56.662827
97.142856    84.403947
87.042432    96.150699
109.708908    102.108281
92.977342    86.041668
100.533131    72.449434
124.335902    64.758330
132.594755    74.593193
108.010621    102.268062
100.557571    72.405892
131.429391    56.391133
100.458549    72.336200
91.204451    84.671267
96.873678    84.229705
81.432684    93.860836
89.084147    84.472015
111.618257    91.310745
107.718185    98.206389
84.883424    84.410358
102.937211    89.354297
81.834346    94.359031
107.891024    98.370251
86.423910    86.340771
113.828563    91.235912
78.164720    101.686426
81.480158    93.906452
