76.159652    112.462485
104.646748    123.926230
79.754000    106.584313
53.448050    89.581748
84.647703    109.113704
97.589428    124.626929
43.203208    89.890751
57.829741    110.789835
101.785218    123.960415
95.019265    124.802627
88.573944    118.462394
94.119874    125.404191
102.785734    124.044800
93.317762    69.380266
63.929827    67.505336
90.080289    65.898386
124.535209    109.065982
93.847439    90.002440
102.379746    74.485720
85.604898    108.830360
93.380209    69.562720
90.248694    106.219364
100.570945    73.741337
77.261122    117.521483
111.360564    122.947990
62.843239    85.047401
42.491980    89.877050
66.914837    83.271303
41.284354    114.274718
81.450881    105.236825
65.384071    117.295330
77.365633    117.621651
87.923728    82.619931
67.246975    117.387439
110.236311    123.245174
117.232750    119.724679
111.312942    122.815753
124.324799    80.811623
40.502639    89.294851
50.647773    117.081682
92.207980    103.424895
89.171669    119.065580
104.968971    119.254458
44.297959    74.803169
65.431517    86.084017
122.465612    77.928525
59.590180    91.625720
102.174748    97.057693
58.996594    117.014239
60.713714    116.371611
84.962061    77.522963
77.492051    117.560641
42.259383    89.518758
86.928280    118.379919
80.497452    85.464880
59.858340    93.066221
55.301917    117.486179
116.324656    99.487832
61.262131    116.647871
93.294544    69.754352
95.589896    77.439144
93.715938    104.631369
59.150790    117.524919
77.531723    117.324394
89.267944    119.206867
86.853913    73.942501
81.666190    86.088491
57.106200    112.595382
