96.176750    94.755595
83.881738    90.346297
102.543825    101.102954
91.393715    86.202433
98.802708    77.307037
91.659142    86.043368
103.962502    101.653782
70.611223    85.958918
58.085578    67.743575
58.439472    70.077070
57.973661    69.290326
91.739341    89.978349
72.117956    86.048596
84.374914    89.413532
95.294099    88.863317
59.181040    65.902203
59.833634    63.943951
93.808858    89.858800
59.525478    61.941541
94.715939    99.535378
71.885828    81.625124
95.428766    98.876910
82.413231    98.017606
82.707207    88.843610
85.785112    94.521167
67.373443    78.831202
94.671726    89.376296
85.056325    91.544809
85.330342    94.670107
63.153173    67.299909
76.529252    104.343312
58.304559    71.359688
86.544728    93.964914
59.083302    75.475123
82.004953    84.483928
65.985984    84.586579
99.649937    76.075052
70.097051    85.888819
57.908336    72.169514
65.971031    84.041037
55.715998    91.238385
85.550112    90.428540
107.433642    91.019772
82.541269    96.037272
92.203010    94.640380
58.678244    73.392281
104.950079    81.593662
98.373944    70.556804
98.182323    70.066555
104.879673    81.901042
104.471837    81.854473
103.521051    84.391549
105.275788    61.353334
97.866617    73.393387
53.297805    76.409536
41.074998    54.629267
42.415390    52.595715
41.764920    55.492441
104.722498    82.876006
105.180030    81.826287
73.086482    79.654203
41.053401    58.060692
65.981043    88.134975
48.133858    47.703948
42.973990    49.521387
105.380628    81.735222
62.514134    107.657762
42.172687    52.169543
51.027251    75.576930
104.990330    82.934389
64.563025    98.592438
41.631437    55.767839
102.483392    91.846329
84.105074    100.186803
82.353571    100.726650
54.897706    68.000389
73.612567    79.117852
103.066365    83.968954
48.260468    50.367983
98.818757    73.250653
106.128127    60.275630
64.501595    111.413953
102.396345    90.798151
111.779641    104.541844
102.231011    92.390847
119.207295    86.429081
99.384984    96.868820
85.135962    99.923838
51.791938    76.328872
72.658484    101.864573
44.348874    47.019402
104.950079    81.593662
98.373944    70.556804
98.182323    70.066555
104.879673    81.901042
104.471837    81.854473
103.521051    84.391549
105.275788    61.353334
97.866617    73.393387
53.297805    76.409536
41.074998    54.629267
42.415390    52.595715
41.764920    55.492441
104.722498    82.876006
105.180030    81.826287
73.086482    79.654203
41.053401    58.060692
65.981043    88.134975
48.133858    47.703948
42.973990    49.521387
105.380628    81.735222
62.514134    107.657762
42.172687    52.169543
51.027251    75.576930
104.990330    82.934389
64.563025    98.592438
41.631437    55.767839
102.483392    91.846329
84.105074    100.186803
82.353571    100.726650
54.897706    68.000389
73.612567    79.117852
103.066365    83.968954
48.260468    50.367983
98.818757    73.250653
106.128127    60.275630
64.501595    111.413953
102.396345    90.798151
111.779641    104.541844
102.231011    92.390847
119.207295    86.429081
99.384984    96.868820
85.135962    99.923838
51.791938    76.328872
72.658484    101.864573
44.348874    47.019402
