43.398339    73.386825
88.459668    88.488894
109.648492    90.777138
72.545679    90.387532
57.278598    107.856188
95.383335    89.796346
119.940190    84.150520
68.720362    95.311081
75.758069    90.667291
66.117397    101.562982
78.423256    83.440745
87.438436    82.161607
80.209405    97.424170
96.157069    89.791164
119.379871    83.471741
72.871926    90.453886
78.407653    89.670924
82.674298    89.841393
59.944490    104.169131
108.225073    66.837433
119.584727    79.379407
114.686948    67.156373
40.860122    72.800494
72.517928    81.028974
88.395478    88.115178
109.822816    90.954452
60.820108    92.213982
73.401523    90.556834
80.909482    90.427068
94.803543    93.289523
112.954961    95.086788
66.594683    101.017458
81.916221    86.876001
91.689521    88.935107
111.471267    92.026657
65.035114    99.767403
58.534354    91.250555
44.439909    73.509176
104.501718    78.835192
87.348972    82.220096
103.461194    93.698464
110.524898    100.873970
57.873899    106.907741
104.909602    111.033698
80.955217    87.007806
96.156625    89.669726
119.424809    83.611320
63.338299    99.804452
77.432814    89.748696
82.732333    89.871354
79.707603    83.787750
120.370763    79.213509
59.141895    91.001757
113.169772    66.813289
72.049242    80.905785
58.173726    92.040065
53.863267    94.041564
41.430340    73.188749
108.381763    66.812781
72.178687    80.956741
72.815017    81.105297
119.304891    83.389075
58.757135    91.070659
113.580468    110.715903
79.659650    86.829334
72.173658    80.969192
119.732217    83.373204
44.768093    96.840365
71.492883    101.976941
48.553404    74.687869
87.467934    82.147868
113.548377    66.784159
70.335602    103.676106
49.738801    93.909568
56.095250    93.096725
119.602365    83.529430
53.665405    93.992487
72.763377    81.371831
70.382163    90.788506
44.649966    97.451724
73.658857    95.882312
