86.257130    89.668171
102.513497    107.135818
95.063049    102.337501
90.170548    97.923218
105.578396    108.830394
82.819316    84.444900
101.608078    97.301293
102.054009    116.535383
86.290745    89.699624
75.944296    74.705171
81.140694    89.063580
88.619711    105.002076
94.637845    101.880845
88.371486    95.790196
53.934859    88.608495
87.724291    95.115572
85.950701    89.945499
99.459076    109.601011
70.843291    66.807710
109.721937    97.583218
101.744777    110.672464
99.847708    109.756613
64.958546    62.453347
59.317004    81.061632
89.390766    103.458721
116.044968    111.150296
64.270115    82.863064
75.918069    81.526586
99.459076    109.601011
70.843291    66.807710
109.721937    97.583218
101.744777    110.672464
99.847708    109.756613
64.958546    62.453347
59.317004    81.061632
89.390766    103.458721
116.044968    111.150296
64.270115    82.863064
75.918069    81.526586
