114.497398    101.873512
112.567874    105.780811
102.235189    111.797119
106.508779    99.549798
69.563090    80.297378
86.567036    96.267835
73.151179    80.971065
97.333374    112.098650
76.752626    91.149848
86.876134    95.778076
74.778695    91.081050
86.619387    95.349100
67.825281    77.288722
86.479419    89.968768
64.548828    68.008576
89.513500    96.438534
65.292596    71.795311
85.509058    95.342547
88.456255    94.670970
92.362182    98.966478
106.787082    99.987467
86.412274    89.691909
86.440997    89.662425
85.938861    95.177663
86.993175    96.273266
86.947097    89.629783
85.506330    94.826627
84.699887    94.630573
67.574413    69.742721
67.836010    77.775977
87.311343    89.992512
60.596828    89.871972
87.124154    90.312913
84.972825    94.653566
89.905488    93.580868
86.479371    90.261356
90.251264    94.153698
64.073856    69.217985
67.703858    78.003573
116.132031    93.612216
83.472759    94.887976
68.501223    69.986731
69.416723    98.471277
66.897658    97.118965
85.732689    91.392972
117.029706    103.078681
69.726337    95.832706
97.235305    111.228266
99.729802    111.502196
58.102487    94.996444
97.899532    111.160595
107.261261    99.767642
94.173342    104.857668
102.159693    100.666882
58.754830    70.651111
56.503347    67.844642
66.621059    69.074656
85.765223    94.560415
92.067666    100.365181
63.489334    67.788762
60.893372    79.709792
93.640348    72.230360
126.620517    102.765108
118.195737    101.050804
117.317759    101.020082
69.082518    93.489921
46.282852    59.543633
49.123210    49.399269
54.363250    86.405799
118.314431    101.254108
49.101385    50.114800
84.565000    92.369692
46.774136    54.285491
51.799896    86.437340
45.116264    53.689460
123.726471    89.316990
72.211509    102.401104
92.215359    104.196904
96.500247    98.323506
118.264636    101.266519
83.546730    91.272283
45.815120    58.998463
52.157972    86.211664
79.886947    90.823620
129.236902    89.136007
98.776749    99.168054
95.807006    109.172113
45.908862    47.520406
47.637063    60.750022
108.260970    102.580236
73.360523    90.497900
83.397804    105.706065
47.543655    59.831302
75.529978    90.674409
83.569284    90.968434
73.963565    102.591312
77.675534    103.746070
95.442026    98.533889
80.312489    104.625280
46.072056    53.648898
46.277809    61.051182
52.098190    85.873593
94.245747    113.248368
47.076746    63.139952
68.927566    101.520803
49.848571    49.136372
43.491288    96.648684
47.045352    99.871178
128.770682    103.734993
102.877563    120.179982
47.630976    58.875489
89.386806    95.965726
117.926211    100.729521
83.220746    105.644029
100.630138    120.514223
105.752155    120.234919
46.387556    49.271952
47.581168    60.427248
49.064025    48.785710
126.522056    102.908854
125.078689    88.882341
69.385828    93.566863
73.946622    102.223110
52.638966    85.750730
77.869119    89.768455
121.095702    87.965699
76.922699    103.038097
89.581343    95.779611
111.509075    104.036878
77.487627    119.470003
96.359210    113.620435
93.640348    72.230360
126.620517    102.765108
118.195737    101.050804
117.317759    101.020082
69.082518    93.489921
46.282852    59.543633
49.123210    49.399269
54.363250    86.405799
118.314431    101.254108
49.101385    50.114800
84.565000    92.369692
46.774136    54.285491
51.799896    86.437340
45.116264    53.689460
123.726471    89.316990
72.211509    102.401104
92.215359    104.196904
96.500247    98.323506
118.264636    101.266519
83.546730    91.272283
45.815120    58.998463
52.157972    86.211664
79.886947    90.823620
129.236902    89.136007
98.776749    99.168054
95.807006    109.172113
45.908862    47.520406
47.637063    60.750022
108.260970    102.580236
73.360523    90.497900
83.397804    105.706065
47.543655    59.831302
75.529978    90.674409
83.569284    90.968434
73.963565    102.591312
77.675534    103.746070
95.442026    98.533889
80.312489    104.625280
46.072056    53.648898
46.277809    61.051182
52.098190    85.873593
94.245747    113.248368
47.076746    63.139952
68.927566    101.520803
49.848571    49.136372
43.491288    96.648684
47.045352    99.871178
128.770682    103.734993
102.877563    120.179982
47.630976    58.875489
89.386806    95.965726
117.926211    100.729521
83.220746    105.644029
100.630138    120.514223
105.752155    120.234919
46.387556    49.271952
47.581168    60.427248
49.064025    48.785710
126.522056    102.908854
125.078689    88.882341
69.385828    93.566863
73.946622    102.223110
52.638966    85.750730
77.869119    89.768455
121.095702    87.965699
76.922699    103.038097
89.581343    95.779611
111.509075    104.036878
77.487627    119.470003
96.359210    113.620435
