78.379076    87.381390
78.264940    82.652498
90.927851    93.164759
170.553219    109.930311
63.450580    100.290560
74.690932    93.506072
78.443424    82.767849
119.814194    113.376006
185.995445    127.452587
12.001283    170.984097
59.546590    131.744471
86.026905    132.213944
74.782455    84.855124
116.314511    101.468037
48.766281    121.467685
72.099302    97.785664
78.133032    84.501528
37.688615    147.479691
55.885897    144.999095
182.310724    32.573826
150.353424    68.821161
82.181242    91.578457
82.434909    86.404064
82.197555    124.833665
179.323447    168.679086
119.855535    101.923104
64.579766    100.293539
78.445110    89.842061
81.442478    91.641859
150.038013    118.895080
19.492848    157.896393
51.160912    156.339291
165.252749    33.816700
198.276440    173.202805
189.043953    33.217712
78.023923    87.245822
156.885474    57.025717
78.232239    82.631229
90.380390    92.371027
172.825703    111.224163
13.753865    117.330290
65.761446    100.380507
80.306563    93.566810
120.035612    113.593241
183.891679    125.245519
39.372324    145.391166
70.683781    141.094634
84.514476    119.525909
172.703251    166.359745
74.977318    84.882226
102.653998    96.997662
179.151207    115.122639
36.029302    140.423332
5.213430    114.644463
149.368905    73.202704
82.613169    86.354178
63.813042    103.493035
78.399092    83.344790
152.319113    119.134442
179.409983    144.795467
14.872602    166.604108
62.485952    141.341569
85.359149    142.294929
162.841964    174.861908
76.036058    83.525065
121.023790    102.380244
30.642272    140.782009
77.057625    91.589537
81.637141    91.906358
107.833744    107.064517
78.379076    87.381390
78.264940    82.652498
90.927851    93.164759
170.553219    109.930311
63.450580    100.290560
74.690932    93.506072
78.443424    82.767849
119.814194    113.376006
185.995445    127.452587
12.001283    170.984097
59.546590    131.744471
86.026905    132.213944
74.782455    84.855124
116.314511    101.468037
48.766281    121.467685
72.099302    97.785664
78.133032    84.501528
37.688615    147.479691
55.885897    144.999095
182.310724    32.573826
150.353424    68.821161
82.181242    91.578457
82.434909    86.404064
82.197555    124.833665
179.323447    168.679086
119.855535    101.923104
64.579766    100.293539
78.445110    89.842061
81.442478    91.641859
150.038013    118.895080
19.492848    157.896393
51.160912    156.339291
165.252749    33.816700
198.276440    173.202805
189.043953    33.217712
78.023923    87.245822
156.885474    57.025717
78.232239    82.631229
90.380390    92.371027
172.825703    111.224163
13.753865    117.330290
65.761446    100.380507
80.306563    93.566810
120.035612    113.593241
183.891679    125.245519
39.372324    145.391166
70.683781    141.094634
84.514476    119.525909
172.703251    166.359745
74.977318    84.882226
102.653998    96.997662
179.151207    115.122639
36.029302    140.423332
5.213430    114.644463
149.368905    73.202704
82.613169    86.354178
63.813042    103.493035
78.399092    83.344790
152.319113    119.134442
179.409983    144.795467
14.872602    166.604108
62.485952    141.341569
85.359149    142.294929
162.841964    174.861908
76.036058    83.525065
121.023790    102.380244
30.642272    140.782009
77.057625    91.589537
81.637141    91.906358
107.833744    107.064517
