78.747912    109.000353
87.809042    114.968923
76.062962    109.977818
104.559069    121.347680
79.525123    104.591342
52.497237    88.099310
87.130747    100.256354
84.367736    106.793078
94.389687    122.920758
97.895333    122.095176
123.977477    106.337864
46.253544    112.750495
111.338231    120.276563
86.191687    99.612973
88.387376    115.815459
42.426093    88.642488
57.662336    108.732939
92.797576    67.782758
101.357430    120.721346
62.690390    65.880094
101.445902    94.966665
94.762356    121.735503
96.825033    121.832832
88.623866    115.905546
93.829088    122.221315
102.731493    121.408854
92.602277    67.646480
62.582505    65.710584
89.323403    64.420696
124.176393    106.332232
50.896044    76.756967
93.023441    88.120965
101.634731    73.058787
85.347941    106.653891
92.689591    68.022821
89.670047    103.896720
100.023003    72.505212
77.152735    114.622579
86.198534    78.740066
111.436615    120.443722
61.932876    84.007045
124.126601    78.490710
41.701958    88.568156
70.518339    87.254064
84.286091    76.449552
66.015892    82.154057
40.585389    111.813810
54.860504    105.452402
81.155499    103.200151
57.328941    81.771489
65.488887    114.404375
124.648184    122.711812
77.195124    114.947344
87.472640    81.440822
67.453606    114.556609
109.943435    120.827392
122.643633    122.228962
116.759147    117.513310
111.008112    120.446690
123.704078    79.541872
39.544312    87.758210
118.882262    92.900177
50.102123    114.339618
91.786551    101.636742
88.953763    116.483278
104.684982    116.708610
43.288647    73.493599
64.642016    84.967505
121.935661    76.632902
58.951009    90.288246
74.832128    89.208548
101.538752    95.358510
