42.371430    74.426332
85.940663    87.661227
105.709803    90.127591
71.251283    90.380256
92.114830    92.351698
57.042478    108.028836
80.528956    86.003959
92.067349    88.999142
115.374198    84.134119
67.825716    95.470472
74.595453    90.560390
79.700014    87.477778
64.994187    101.933602
77.860114    83.488245
84.621055    82.540172
79.290303    96.976066
92.803299    89.000373
114.863340    83.437393
71.600189    90.431437
77.566978    89.257901
81.507029    88.972307
59.355178    104.416190
104.273123    67.878625
115.362931    79.475825
110.684594    67.854766
39.604382    73.774057
72.167376    81.448821
85.836150    87.330201
105.867494    90.297033
59.320941    92.594643
72.144635    90.519179
79.989178    89.778291
91.908356    92.249460
109.078375    94.197340
65.553878    101.323158
88.704826    88.126445
107.588291    91.318755
64.261202    99.984315
56.899186    91.659307
43.205528    74.459933
100.216314    79.344447
84.543219    82.587240
71.657029    91.521846
99.864575    92.767468
107.185366    99.702328
57.493826    107.109983
72.386431    101.058394
102.147255    108.994546
79.941586    86.157331
92.720893    88.923591
114.805373    83.667786
62.396084    100.149966
76.450395    89.440229
81.549494    88.989050
78.931733    83.834172
116.279761    79.168334
57.423590    91.398080
109.140122    67.671577
71.667510    81.336833
56.561574    92.480410
52.254399    94.594873
40.168932    74.147581
104.310851    68.020969
71.725076    81.323131
72.383099    81.458322
114.633559    83.435478
57.155407    91.470812
110.140188    108.736586
119.344541    66.986824
78.960574    86.094713
71.840050    81.405018
114.643013    83.582628
43.947181    97.497935
70.644644    102.006294
98.610131    114.282464
46.439383    75.178544
84.641005    82.545832
109.418573    67.760775
69.721797    103.570364
78.983445    86.843776
42.371430    74.426332
85.940663    87.661227
105.709803    90.127591
71.251283    90.380256
92.114830    92.351698
57.042478    108.028836
80.528956    86.003959
92.067349    88.999142
115.374198    84.134119
67.825716    95.470472
74.595453    90.560390
79.700014    87.477778
64.994187    101.933602
77.860114    83.488245
84.621055    82.540172
79.290303    96.976066
92.803299    89.000373
114.863340    83.437393
71.600189    90.431437
77.566978    89.257901
81.507029    88.972307
59.355178    104.416190
104.273123    67.878625
115.362931    79.475825
110.684594    67.854766
39.604382    73.774057
72.167376    81.448821
85.836150    87.330201
105.867494    90.297033
59.320941    92.594643
72.144635    90.519179
79.989178    89.778291
91.908356    92.249460
109.078375    94.197340
65.553878    101.323158
88.704826    88.126445
107.588291    91.318755
64.261202    99.984315
56.899186    91.659307
43.205528    74.459933
100.216314    79.344447
84.543219    82.587240
71.657029    91.521846
99.864575    92.767468
107.185366    99.702328
57.493826    107.109983
72.386431    101.058394
102.147255    108.994546
79.941586    86.157331
92.720893    88.923591
114.805373    83.667786
62.396084    100.149966
76.450395    89.440229
81.549494    88.989050
78.931733    83.834172
116.279761    79.168334
57.423590    91.398080
109.140122    67.671577
71.667510    81.336833
56.561574    92.480410
52.254399    94.594873
40.168932    74.147581
104.310851    68.020969
71.725076    81.323131
72.383099    81.458322
114.633559    83.435478
57.155407    91.470812
110.140188    108.736586
119.344541    66.986824
78.960574    86.094713
71.840050    81.405018
114.643013    83.582628
43.947181    97.497935
70.644644    102.006294
98.610131    114.282464
46.439383    75.178544
84.641005    82.545832
109.418573    67.760775
69.721797    103.570364
78.983445    86.843776
