43.602737    74.598081
86.287656    87.937717
106.407194    90.397033
72.322997    90.185602
57.802986    107.581194
80.678636    86.309830
92.608053    89.274765
116.213987    84.350298
68.970998    95.023965
75.425201    90.299724
66.020806    101.359986
78.206257    83.940644
85.086929    82.830548
79.638771    96.617945
93.356036    89.272207
115.671692    83.683315
72.649982    90.225514
78.038552    89.118770
81.647947    89.038122
60.310293    103.923518
105.107822    68.072010
116.152827    79.714742
111.503443    68.106854
40.929366    73.962638
72.980815    81.923003
86.184287    87.613684
106.575595    90.558846
60.684507    92.385334
73.159545    90.298697
80.221778    89.687926
92.337229    92.467549
109.757964    94.467585
66.501906    100.813860
80.832471    86.377737
89.150456    88.412943
108.263669    91.576797
65.161293    99.563775
58.370971    91.497977
44.500643    74.657834
101.063489    79.522572
84.999413    82.888141
100.482675    93.026704
107.714562    99.932742
58.328888    106.652247
102.575609    109.382784
80.116320    86.424850
93.266526    89.195463
115.666656    83.868260
63.390125    99.710502
77.107931    89.263076
81.696153    89.061057
79.226661    84.336379
117.018142    79.471584
58.877112    91.247004
109.964524    67.888908
72.534534    81.811839
58.014320    92.285604
53.697103    94.348109
41.464871    74.308519
105.185465    68.144390
72.570292    81.787462
73.191014    81.932195
115.568326    83.609741
58.609017    91.317319
110.749199    109.173590
120.132752    67.319799
79.247643    86.328982
72.575744    81.805664
115.553298    83.806681
45.179201    97.243592
71.460164    101.380386
47.993225    75.438475
85.096212    82.864201
110.295258    67.901317
70.468824    102.978893
79.277007    86.960240
49.336312    94.292569
55.775046    93.376968
115.665407    83.916225
43.602737    74.598081
86.287656    87.937717
106.407194    90.397033
72.322997    90.185602
57.802986    107.581194
80.678636    86.309830
92.608053    89.274765
116.213987    84.350298
68.970998    95.023965
75.425201    90.299724
66.020806    101.359986
78.206257    83.940644
85.086929    82.830548
79.638771    96.617945
93.356036    89.272207
115.671692    83.683315
72.649982    90.225514
78.038552    89.118770
81.647947    89.038122
60.310293    103.923518
105.107822    68.072010
116.152827    79.714742
111.503443    68.106854
40.929366    73.962638
72.980815    81.923003
86.184287    87.613684
106.575595    90.558846
60.684507    92.385334
73.159545    90.298697
80.221778    89.687926
92.337229    92.467549
109.757964    94.467585
66.501906    100.813860
80.832471    86.377737
89.150456    88.412943
108.263669    91.576797
65.161293    99.563775
58.370971    91.497977
44.500643    74.657834
101.063489    79.522572
84.999413    82.888141
100.482675    93.026704
107.714562    99.932742
58.328888    106.652247
102.575609    109.382784
80.116320    86.424850
93.266526    89.195463
115.666656    83.868260
63.390125    99.710502
77.107931    89.263076
81.696153    89.061057
79.226661    84.336379
117.018142    79.471584
58.877112    91.247004
109.964524    67.888908
72.534534    81.811839
58.014320    92.285604
53.697103    94.348109
41.464871    74.308519
105.185465    68.144390
72.570292    81.787462
73.191014    81.932195
115.568326    83.609741
58.609017    91.317319
110.749199    109.173590
120.132752    67.319799
79.247643    86.328982
72.575744    81.805664
115.553298    83.806681
45.179201    97.243592
71.460164    101.380386
47.993225    75.438475
85.096212    82.864201
110.295258    67.901317
70.468824    102.978893
79.277007    86.960240
49.336312    94.292569
55.775046    93.376968
115.665407    83.916225
