41.071150    74.256632
85.884254    87.431656
105.480435    89.834522
70.186038    90.563404
92.111299    92.274383
109.878357    94.541685
56.503322    108.508959
80.324848    85.693741
91.999114    88.776723
115.023134    83.756387
66.939587    95.837922
73.690806    90.840698
79.395273    87.490486
64.201394    102.455191
69.428353    102.811213
108.507079    67.074122
77.326093    82.947488
84.353377    82.017116
79.036732    97.470890
92.701575    88.756256
114.470751    83.044005
70.551847    90.608195
77.021385    89.425585
81.427792    89.038944
58.622837    104.880050
103.798155    67.213923
114.957519    79.036365
110.134162    67.325358
71.348893    80.965701
85.752366    87.072777
105.672121    90.000182
58.089174    92.838596
71.127390    90.732308
79.748397    89.981924
91.925740    92.174538
108.997210    93.923436
64.648240    101.926845
74.668129    101.572351
80.498127    85.787251
88.613234    87.891817
107.367265    91.031990
63.441413    100.446886
55.414019    91.869961
41.912709    74.320768
99.811199    78.916315
84.243167    82.093864
70.730170    91.767103
99.839647    92.575207
107.120024    99.500665
56.974366    107.522068
71.600615    101.813097
101.940571    108.360267
79.664390    85.915870
92.569517    88.676565
114.343215    83.287532
61.623519    100.571321
75.679989    89.653096
81.476265    89.038678
88.955140    90.945318
78.508655    83.223830
115.862324    78.692049
56.059653    91.590203
108.663787    66.993741
71.060361    80.989276
55.089057    92.737322
50.866618    94.918083
38.955451    74.082606
103.643665    67.659104
70.282264    80.561520
70.999639    80.684821
114.065813    83.090720
55.757484    91.674951
78.387483    86.974424
110.080217    108.469267
119.099609    66.127617
78.518927    85.860557
41.071150    74.256632
85.884254    87.431656
105.480435    89.834522
70.186038    90.563404
92.111299    92.274383
109.878357    94.541685
56.503322    108.508959
80.324848    85.693741
91.999114    88.776723
115.023134    83.756387
66.939587    95.837922
73.690806    90.840698
79.395273    87.490486
64.201394    102.455191
69.428353    102.811213
108.507079    67.074122
77.326093    82.947488
84.353377    82.017116
79.036732    97.470890
92.701575    88.756256
114.470751    83.044005
70.551847    90.608195
77.021385    89.425585
81.427792    89.038944
58.622837    104.880050
103.798155    67.213923
114.957519    79.036365
110.134162    67.325358
71.348893    80.965701
85.752366    87.072777
105.672121    90.000182
58.089174    92.838596
71.127390    90.732308
79.748397    89.981924
91.925740    92.174538
108.997210    93.923436
64.648240    101.926845
74.668129    101.572351
80.498127    85.787251
88.613234    87.891817
107.367265    91.031990
63.441413    100.446886
55.414019    91.869961
41.912709    74.320768
99.811199    78.916315
84.243167    82.093864
70.730170    91.767103
99.839647    92.575207
107.120024    99.500665
56.974366    107.522068
71.600615    101.813097
101.940571    108.360267
79.664390    85.915870
92.569517    88.676565
114.343215    83.287532
61.623519    100.571321
75.679989    89.653096
81.476265    89.038678
88.955140    90.945318
78.508655    83.223830
115.862324    78.692049
56.059653    91.590203
108.663787    66.993741
71.060361    80.989276
55.089057    92.737322
50.866618    94.918083
38.955451    74.082606
103.643665    67.659104
70.282264    80.561520
70.999639    80.684821
114.065813    83.090720
55.757484    91.674951
78.387483    86.974424
110.080217    108.469267
119.099609    66.127617
78.518927    85.860557
