68.556413    96.976146
91.685416    89.614283
93.473334    70.441485
91.655721    89.484706
45.753641    107.148698
91.340617    110.349777
43.353781    108.920093
77.440533    103.756453
51.100227    111.627262
116.924176    75.113794
50.521964    111.633645
104.150530    69.188491
107.931104    119.655622
116.583488    74.946281
91.547095    89.497736
45.279635    107.394697
88.267955    103.894413
111.589602    107.792967
56.647767    123.357198
95.714349    125.913644
125.743561    66.179446
93.490823    70.748050
40.010213    113.106581
51.778264    111.651052
40.409949    84.969108
111.583416    107.822805
92.782857    104.915639
115.991361    116.228974
89.535023    81.266106
108.590928    83.168786
70.088044    96.472422
67.682167    96.409980
90.883963    110.339527
115.839114    116.150156
117.841018    73.875118
91.854101    89.348751
92.656030    70.594353
94.826990    126.093607
127.193056    64.844102
116.079695    73.936092
37.276087    105.927497
114.521371    75.592090
97.227796    124.105530
107.208631    119.262387
123.610809    49.940864
50.017557    111.955586
77.083141    103.413571
81.282109    97.004264
110.518793    107.281464
