77.366966    98.621284
121.772302    100.968614
117.607314    68.890153
63.371382    108.476245
79.322295    96.629210
62.765190    108.806878
117.237842    69.290912
64.860935    105.941822
120.033920    99.304652
63.432347    108.494509
136.344631    55.847489
138.467700    85.091327
78.458617    97.078775
120.349379    104.950806
136.304880    76.536263
35.354881    102.168335
63.549553    108.340329
64.728781    106.259741
115.806844    98.068830
126.356469    111.609301
117.180337    69.679642
125.870660    115.547926
84.416163    122.438020
126.448088    111.755337
116.473838    97.528732
85.666370    122.726799
63.685352    106.625855
132.147383    111.465851
49.024636    123.595487
84.029583    122.069644
108.782929    111.868628
41.701059    119.344515
41.003409    118.309001
44.448468    123.540192
85.649851    122.897198
126.043561    116.594021
132.133213    82.074899
92.864384    86.698432
111.327756    89.457416
64.348048    106.522698
120.941184    106.247644
126.469068    113.093521
49.159142    121.948429
83.897285    121.780069
103.716711    114.635215
125.404074    118.031308
129.930461    82.086620
