80.487698    78.496094
86.809718    83.040309
81.753060    82.794688
73.956199    78.034837
76.876874    83.107217
80.175591    81.113200
83.052914    75.202210
83.481356    83.175376
80.003632    75.365888
73.459064    83.940012
79.075817    82.121038
71.799410    83.411075
79.251087    75.021779
82.101826    80.170499
90.785656    77.368219
72.343601    83.723691
82.491779    75.961877
66.447250    91.965558
80.029847    75.539041
86.720578    80.861775
72.501555    75.338598
83.433756    83.223371
80.861560    77.825146
85.176133    96.030997
83.626505    77.119536
73.831077    84.122154
84.817741    87.752743
76.086451    77.610268
80.727907    84.268836
85.801586    79.112329
72.141350    76.896214
86.607289    83.913541
76.706856    78.300771
80.920403    79.675337
85.464416    79.468174
74.283536    88.483620
84.715182    79.831421
72.713095    75.314149
78.059066    82.691228
76.586290    78.454499
65.848468    100.874330
107.373928    88.482513
98.253720    66.594813
103.398475    66.496514
62.225882    78.080105
80.262236    79.736999
97.892970    91.223168
107.659645    88.485532
48.815259    77.507440
96.169375    65.440976
79.693275    86.074433
83.400218    88.404148
96.406268    73.636256
49.815639    77.176227
95.055612    77.308597
103.636902    66.460567
62.530221    78.117551
95.057852    77.253869
105.684566    66.066576
116.154496    65.844203
79.665749    86.107706
95.758332    75.899989
104.952257    104.333907
95.334892    77.445635
110.577445    67.770830
72.995735    88.185709
88.066765    91.639527
72.697665    99.306846
87.502824    100.913953
83.164316    89.538262
94.541652    78.809399
62.199515    83.581071
66.298843    100.060333
87.729288    101.336499
109.348258    88.725273
54.190415    102.562905
80.328355    79.676064
62.574004    95.546884
78.098823    87.354396
80.269124    89.580414
87.096480    99.959424
80.302084    79.679574
62.391073    77.974090
65.263772    102.637082
71.912405    98.244341
103.545996    66.389863
72.544933    99.168380
102.964538    104.710682
96.270764    73.520788
62.025433    84.072950
103.441550    80.207776
65.813115    96.389648
68.541461    93.983687
89.507280    96.335180
104.946303    99.683635
54.277514    101.904904
102.988720    106.158687
62.338554    77.883464
65.031489    96.373911
97.736937    92.816181
58.047119    110.854567
66.084595    100.314078
86.680968    101.504809
80.329758    79.651709
109.804108    88.815257
62.334893    78.092089
103.480549    66.283649
48.663970    77.114459
64.514043    95.167409
74.238087    87.594733
87.270225    89.917952
109.815073    88.782888
107.480549    88.537737
88.369924    89.984778
49.324472    77.161955
98.507943    95.014012
65.848468    100.874330
107.373928    88.482513
98.253720    66.594813
103.398475    66.496514
62.225882    78.080105
80.262236    79.736999
97.892970    91.223168
107.659645    88.485532
48.815259    77.507440
96.169375    65.440976
79.693275    86.074433
83.400218    88.404148
96.406268    73.636256
49.815639    77.176227
95.055612    77.308597
103.636902    66.460567
62.530221    78.117551
95.057852    77.253869
105.684566    66.066576
116.154496    65.844203
79.665749    86.107706
95.758332    75.899989
104.952257    104.333907
95.334892    77.445635
110.577445    67.770830
72.995735    88.185709
88.066765    91.639527
72.697665    99.306846
87.502824    100.913953
83.164316    89.538262
94.541652    78.809399
62.199515    83.581071
66.298843    100.060333
87.729288    101.336499
109.348258    88.725273
54.190415    102.562905
80.328355    79.676064
62.574004    95.546884
78.098823    87.354396
80.269124    89.580414
87.096480    99.959424
80.302084    79.679574
62.391073    77.974090
65.263772    102.637082
71.912405    98.244341
103.545996    66.389863
72.544933    99.168380
102.964538    104.710682
96.270764    73.520788
62.025433    84.072950
103.441550    80.207776
65.813115    96.389648
68.541461    93.983687
89.507280    96.335180
104.946303    99.683635
54.277514    101.904904
102.988720    106.158687
62.338554    77.883464
65.031489    96.373911
97.736937    92.816181
58.047119    110.854567
66.084595    100.314078
86.680968    101.504809
80.329758    79.651709
109.804108    88.815257
62.334893    78.092089
103.480549    66.283649
48.663970    77.114459
64.514043    95.167409
74.238087    87.594733
87.270225    89.917952
109.815073    88.782888
107.480549    88.537737
88.369924    89.984778
49.324472    77.161955
98.507943    95.014012
65.848468    100.874330
107.373928    88.482513
98.253720    66.594813
103.398475    66.496514
62.225882    78.080105
80.262236    79.736999
97.892970    91.223168
107.659645    88.485532
48.815259    77.507440
96.169375    65.440976
79.693275    86.074433
83.400218    88.404148
96.406268    73.636256
49.815639    77.176227
95.055612    77.308597
103.636902    66.460567
62.530221    78.117551
95.057852    77.253869
105.684566    66.066576
116.154496    65.844203
79.665749    86.107706
95.758332    75.899989
104.952257    104.333907
95.334892    77.445635
110.577445    67.770830
72.995735    88.185709
88.066765    91.639527
72.697665    99.306846
87.502824    100.913953
83.164316    89.538262
94.541652    78.809399
62.199515    83.581071
66.298843    100.060333
87.729288    101.336499
109.348258    88.725273
54.190415    102.562905
80.328355    79.676064
62.574004    95.546884
78.098823    87.354396
80.269124    89.580414
87.096480    99.959424
80.302084    79.679574
62.391073    77.974090
65.263772    102.637082
71.912405    98.244341
103.545996    66.389863
72.544933    99.168380
102.964538    104.710682
96.270764    73.520788
62.025433    84.072950
103.441550    80.207776
65.813115    96.389648
68.541461    93.983687
89.507280    96.335180
104.946303    99.683635
54.277514    101.904904
102.988720    106.158687
62.338554    77.883464
65.031489    96.373911
97.736937    92.816181
58.047119    110.854567
66.084595    100.314078
86.680968    101.504809
80.329758    79.651709
109.804108    88.815257
62.334893    78.092089
103.480549    66.283649
48.663970    77.114459
64.514043    95.167409
74.238087    87.594733
87.270225    89.917952
109.815073    88.782888
107.480549    88.537737
88.369924    89.984778
49.324472    77.161955
98.507943    95.014012
