96.762538    81.324575
39.401027    63.009739
40.162951    62.268091
38.870211    61.982101
71.577070    52.036613
71.744238    53.368156
80.198112    81.570196
60.317353    100.104192
69.932616    98.223836
39.773442    62.117847
57.779535    92.126176
65.065735    82.640137
39.674881    62.159312
49.963942    89.966314
98.080046    74.831315
64.216888    85.365967
103.234044    83.507025
61.409070    100.601974
84.582869    80.492158
92.440056    78.311681
77.321723    81.487121
64.646472    85.703437
63.232491    83.935090
129.678170    63.227121
106.870375    70.947126
70.483311    98.918505
75.432390    81.810562
71.372769    53.244629
76.471972    81.374837
70.366336    53.152760
77.799801    81.300453
77.217609    81.286796
56.373134    89.826277
115.452286    59.114344
51.780656    91.615708
64.019974    82.832742
41.807499    102.023109
115.246111    60.405640
57.840932    92.184438
56.249839    95.774921
60.386321    99.780427
87.096729    79.264226
96.922293    73.718878
39.625458    62.323478
90.078010    89.507799
89.811094    90.704885
59.992238    98.294015
111.779394    61.030828
117.523671    70.449528
71.469716    53.447738
39.915747    62.740362
122.463146    68.406016
71.043342    53.512258
71.971624    53.008111
122.943742    66.984785
131.997593    57.849597
77.733831    81.230818
105.474907    85.908911
133.796165    63.005157
78.914914    79.967637
86.919507    78.713348
39.684153    62.354826
95.189908    67.721866
53.635492    84.797189
61.855938    82.795537
55.248525    84.543029
122.319757    65.830753
90.978385    77.397357
52.330592    88.876219
78.646779    89.274544
94.905971    86.799938
116.945420    67.273330
122.790815    67.018134
80.846255    82.907686
87.131296    78.467895
111.191096    78.933217
52.884737    92.998587
