113.204275    87.478795
74.360194    82.691447
114.322350    57.776682
59.153200    89.069832
116.731627    96.668118
114.329747    58.354932
116.380490    101.374927
113.645672    86.718422
106.524857    79.114331
43.159838    106.452558
35.566380    102.125160
35.349372    102.176732
38.124863    106.130707
58.228974    88.817182
116.217899    97.406755
43.107972    105.049466
35.017505    101.367269
36.399168    103.924933
56.972907    89.542196
116.359190    96.694390
76.485949    81.116272
112.917414    86.703570
120.007352    83.699766
34.627625    100.769926
97.834826    95.103370
36.413717    103.976782
42.859054    105.203411
77.838179    105.237802
100.920782    107.906546
109.393181    77.561735
106.391143    79.257581
88.107797    97.222988
114.177282    57.527270
88.355167    73.863247
74.463071    110.772877
34.568631    100.576182
109.516301    85.177605
37.168356    105.440123
57.411148    89.074580
97.838268    94.613961
39.178802    108.114271
42.825889    106.748506
57.852147    88.522168
88.247426    97.777993
88.468264    74.048212
93.083630    95.700192
93.971294    97.258855
42.692658    104.922694
57.504958    87.922607
114.600860    58.016296
111.309462    76.443105
88.199143    97.998026
95.468865    107.520274
109.627910    82.451668
137.905372    64.606227
114.478155    57.244914
131.751867    67.977527
84.929668    77.835230
109.713249    78.957634
132.071852    68.860347
111.039669    75.578600
81.056487    124.608497
106.855934    112.284096
134.133760    65.316006
109.344820    81.889685
127.031247    98.560879
35.817930    103.406564
88.119612    98.200172
101.123779    106.029372
80.478013    122.842266
88.868429    121.318193
137.899526    73.870054
111.431517    88.300744
134.509565    90.378595
41.374037    112.603651
95.120420    107.623605
107.204072    97.451252
127.115232    100.123919
67.440552    109.957508
77.761607    105.415103
56.846551    88.996266
85.060227    77.042572
