94.950685    81.642228
37.228924    62.440434
38.035722    61.727308
36.751238    61.554633
69.615405    51.779040
69.822994    52.962359
57.741180    100.291235
67.614233    98.365253
37.693133    61.669676
62.693773    82.123146
37.605329    61.695857
47.409195    89.457321
61.792919    84.889236
100.957201    83.482912
58.405846    100.072090
82.729682    79.849802
75.537385    81.084496
62.245549    85.194384
60.634120    83.212883
128.262135    63.822441
104.894564    71.256293
67.856031    98.613721
73.643551    81.522143
69.361620    52.772725
74.713922    81.077580
68.395578    52.615954
76.104700    81.040614
75.489332    81.000817
113.937165    59.578196
49.130347    91.192515
61.622916    82.387715
39.415373    101.757277
113.694224    60.821090
55.270857    91.897516
53.642215    95.606649
57.855302    100.006726
85.570330    79.137296
95.247894    73.852293
37.531943    61.781863
88.316105    89.523823
57.242885    98.271241
110.331713    61.380711
115.883962    70.938588
69.417563    52.755205
37.747303    61.938152
120.838025    69.082983
68.897529    52.785686
69.840746    52.290362
121.350407    67.669966
76.240435    81.352982
103.273457    86.879239
132.163312    62.970177
77.471477    80.124095
85.824736    79.365990
37.882406    61.849157
93.890872    68.205146
51.609351    84.833046
59.993419    82.793535
53.241298    84.575417
120.852430    66.480634
89.600063    77.579111
50.300954    89.003034
77.055441    89.427959
93.358206    87.140168
115.488766    67.927335
121.302812    67.669579
79.519502    82.987086
85.918291    78.598422
50.731172    93.204498
