80.923887    80.212615
78.596667    83.345238
80.988518    80.261694
80.986483    84.646622
76.348566    90.423047
81.193837    84.862940
80.179836    81.009291
78.775489    80.888427
78.526482    80.803300
80.681304    80.941527
95.959209    75.810759
82.745568    81.902194
79.074009    82.046037
73.786762    93.421939
47.576489    72.681349
48.532604    72.297620
82.460219    88.641146
116.982842    77.841350
93.615457    105.251902
57.508095    112.728851
119.209682    59.502133
82.305126    88.913979
78.597837    87.438832
47.576489    72.681349
48.532604    72.297620
82.460219    88.641146
116.982842    77.841350
93.615457    105.251902
57.508095    112.728851
119.209682    59.502133
82.305126    88.913979
78.597837    87.438832
