77.029883    81.145825
75.615628    96.313301
76.858047    80.857109
63.017710    97.886049
64.338742    90.261762
80.629460    62.280861
54.538933    75.984711
77.961247    80.782711
106.202622    102.924951
80.681845    62.459399
102.311582    68.420614
125.905379    89.988490
56.399628    88.882949
103.868916    69.351244
97.432077    90.637307
62.136601    98.102276
100.421791    97.394981
108.286118    103.459668
68.268996    111.845006
101.353083    69.931523
128.014691    89.575772
110.107615    57.776103
110.090984    53.917703
111.294365    53.341420
103.616194    69.173828
109.954522    57.961913
90.734310    91.619311
63.343780    97.532759
86.704571    103.159730
99.656926    96.975269
65.294159    116.784699
121.911484    94.913568
69.456820    91.831612
128.386523    89.863493
75.545110    112.497552
113.774713    56.582089
90.252290    92.403406
94.598838    94.388995
73.405437    92.166517
63.647202    97.915172
96.493031    77.007908
69.995396    91.341386
127.815811    89.693288
62.799953    97.866738
65.287751    99.336579
82.027638    108.367098
103.068073    101.709992
68.597296    112.104983
95.502094    76.698026
65.190120    91.865315
90.205031    92.250708
96.015426    91.060524
121.827790    94.511382
64.421941    98.410004
77.236339    100.412436
86.486191    103.220827
100.150053    97.119864
75.422314    112.336306
62.605392    117.457677
110.214346    53.226931
