80.386248    83.170310
80.605112    102.353620
34.537141    106.082174
78.880582    97.991433
35.089238    106.008789
97.086107    97.793509
80.532746    102.603452
80.240787    82.921141
83.704881    64.986249
35.071849    106.839936
67.331074    99.658814
68.592359    92.122875
53.121061    93.744687
103.932454    70.812084
34.866261    106.533076
119.137883    96.896863
71.681828    114.013849
83.695454    65.057994
59.480655    78.833373
81.208050    82.745722
35.577828    107.129430
110.901142    105.403324
83.695211    65.195056
105.226933    69.850594
130.743183    92.263589
61.375472    91.066666
70.356643    119.428558
107.277678    71.091855
69.204542    92.610901
102.150028    93.000379
66.675547    100.031505
105.563347    100.147912
113.771980    106.367554
72.398544    114.117061
73.667349    118.717950
104.694409    71.727325
100.509054    93.376744
113.384807    54.474412
131.896186    90.086176
112.824689    58.888286
92.346114    107.841949
131.945516    90.393180
106.297986    70.450537
79.711180    115.158591
112.538040    59.146032
92.471709    92.410672
65.548083    98.093851
89.844902    105.419069
102.426210    98.203054
70.860846    120.064852
124.656173    95.742243
127.553600    76.937694
71.376414    92.419469
131.060232    90.485806
78.218181    113.953579
115.024259    56.783926
79.406644    90.334175
91.968784    93.184393
96.680771    95.319813
