77.610655    83.731419
88.359912    95.767566
85.097379    90.197182
89.166501    96.920867
83.843408    90.340216
88.696937    96.233298
87.159816    93.837043
91.040223    95.725902
96.378786    100.274885
112.951810    100.354384
85.591466    88.901797
85.547323    88.835382
87.392352    94.307595
89.381519    97.124218
85.597553    88.204814
86.962901    93.564909
74.083675    74.276795
75.503174    81.311809
86.526273    92.536680
87.243323    90.509201
71.190237    73.838357
86.100960    91.609321
74.529316    74.413177
76.146856    94.999118
87.272067    88.560433
78.764856    93.623982
101.784728    111.646476
104.476427    112.012130
67.657234    94.479333
102.427960    111.546461
112.953576    100.026878
109.673539    102.511383
73.364180    73.913276
87.002555    93.357550
97.260957    102.943339
70.460150    72.433098
84.477625    90.252188
92.376781    100.104717
82.165665    90.476389
97.020900    100.833930
89.454252    97.114706
67.581280    75.288656
72.247345    73.887097
75.408478    80.569360
76.595660    91.340627
87.808101    90.958427
111.001988    102.195659
91.198453    99.318586
73.715146    77.699628
68.124029    76.637410
81.583761    90.825721
86.140624    88.026085
65.168641    99.072876
68.583011    77.343098
90.063924    95.331854
70.952994    80.683673
86.755530    90.301931
85.130649    91.729553
85.773081    91.352857
85.728987    89.131711
84.723669    91.976926
76.720570    82.219355
94.814180    98.929258
81.130042    85.412813
85.719168    88.169062
86.315057    91.631177
102.798564    102.890382
86.629369    90.059483
86.735510    105.478488
86.897888    90.929425
83.338100    92.778501
72.803565    90.976819
85.832457    88.062857
86.361790    91.954045
86.161272    89.560289
68.903614    90.348847
82.904658    90.381472
100.157780    71.919149
79.468186    88.871098
126.808024    102.129909
55.476969    51.628875
52.165481    76.756383
125.207054    101.733871
88.420909    92.179381
80.271927    102.356866
98.595968    105.136824
103.189107    99.108600
125.242992    101.704555
53.614349    61.511420
61.576604    86.968315
85.242021    91.108153
105.750239    100.148362
104.419034    111.059261
52.463546    50.345022
54.539225    61.906689
46.326881    77.879603
116.043229    103.865773
125.863786    101.273326
80.155444    90.320093
88.377756    91.879942
81.681510    102.981775
85.148532    104.830766
102.119187    99.410988
115.800804    104.040979
53.012388    55.792142
104.076273    115.263346
77.250520    101.134864
55.740602    51.455683
82.011309    90.037287
110.508304    120.994491
54.218403    60.855508
82.475724    89.447416
76.204396    93.074307
93.933886    96.243357
109.798142    122.231501
52.456917    51.580281
54.410137    62.375409
56.196523    51.703379
76.354578    93.322765
80.990015    102.488100
62.026381    86.781515
82.774609    90.049482
84.295775    104.060397
96.841033    97.607299
122.407371    106.201144
88.538255    122.096507
106.647937    116.178528
56.159546    51.831030
62.087489    86.925855
57.174816    100.645828
63.729791    87.384091
52.243567    52.530769
80.733827    102.397028
53.108363    88.379180
82.540865    90.291778
76.194674    93.358598
73.625771    71.677972
59.880030    67.207197
87.740600    91.682905
56.519083    53.269619
56.094230    68.266313
50.865254    49.351291
54.577663    63.840990
55.136502    52.562835
56.721430    67.179139
62.589709    86.825794
52.875946    56.697918
48.076504    66.227317
60.310855    86.484974
54.249004    52.551993
57.331221    87.920741
80.060112    91.365568
79.336646    101.531836
91.400956    93.460847
129.723029    102.052610
96.499774    110.081496
103.872526    111.036391
73.945874    71.705956
77.352268    72.666945
83.942804    91.049080
81.554189    118.294982
45.064821    57.427453
100.157780    71.919149
79.468186    88.871098
126.808024    102.129909
55.476969    51.628875
52.165481    76.756383
125.207054    101.733871
88.420909    92.179381
80.271927    102.356866
98.595968    105.136824
103.189107    99.108600
125.242992    101.704555
53.614349    61.511420
61.576604    86.968315
85.242021    91.108153
105.750239    100.148362
104.419034    111.059261
52.463546    50.345022
54.539225    61.906689
46.326881    77.879603
116.043229    103.865773
125.863786    101.273326
80.155444    90.320093
88.377756    91.879942
81.681510    102.981775
85.148532    104.830766
102.119187    99.410988
115.800804    104.040979
53.012388    55.792142
104.076273    115.263346
77.250520    101.134864
55.740602    51.455683
82.011309    90.037287
110.508304    120.994491
54.218403    60.855508
82.475724    89.447416
76.204396    93.074307
93.933886    96.243357
109.798142    122.231501
52.456917    51.580281
54.410137    62.375409
56.196523    51.703379
76.354578    93.322765
80.990015    102.488100
62.026381    86.781515
82.774609    90.049482
84.295775    104.060397
96.841033    97.607299
122.407371    106.201144
88.538255    122.096507
106.647937    116.178528
56.159546    51.831030
62.087489    86.925855
57.174816    100.645828
63.729791    87.384091
52.243567    52.530769
80.733827    102.397028
53.108363    88.379180
82.540865    90.291778
76.194674    93.358598
73.625771    71.677972
59.880030    67.207197
87.740600    91.682905
56.519083    53.269619
56.094230    68.266313
50.865254    49.351291
54.577663    63.840990
55.136502    52.562835
56.721430    67.179139
62.589709    86.825794
52.875946    56.697918
48.076504    66.227317
60.310855    86.484974
54.249004    52.551993
57.331221    87.920741
80.060112    91.365568
79.336646    101.531836
91.400956    93.460847
129.723029    102.052610
96.499774    110.081496
103.872526    111.036391
73.945874    71.705956
77.352268    72.666945
83.942804    91.049080
81.554189    118.294982
45.064821    57.427453
