40.139748    86.064171
35.222418    79.610111
56.387858    50.938002
39.891577    87.190040
71.659764    125.212380
74.270366    81.848169
56.339231    116.965643
55.956276    51.409621
74.409896    81.643195
40.213810    86.677657
35.311540    79.630435
74.277771    81.992166
41.998601    82.925720
56.160794    52.222096
100.190658    102.168515
74.398339    81.936416
40.051010    66.768485
55.861786    52.085309
49.385176    54.497491
74.572190    82.108961
41.765982    120.125972
95.042632    92.575673
53.809655    75.771464
68.969678    108.463093
56.065851    51.840422
51.781180    76.229822
66.826643    113.699622
59.145600    119.931540
53.629811    79.217799
74.542023    82.019875
93.644173    88.740243
46.977713    88.498809
61.771204    92.986637
95.097444    92.683343
58.735603    115.911457
70.641480    104.841817
59.274258    81.372283
42.011087    120.054353
50.394514    55.481363
74.793288    82.381346
70.807777    107.571147
41.034608    75.440951
81.207898    95.588519
57.267600    101.511937
56.186581    52.542561
54.144621    102.628184
