40.673165    86.490807
57.325266    51.596032
40.406614    87.542483
74.489899    82.334566
56.898061    52.065319
74.649654    82.206769
40.716079    87.042574
35.984749    79.841422
74.521322    82.555077
42.509784    83.261120
57.085893    52.888310
100.009720    103.142302
74.626100    82.453395
56.850597    52.696639
50.348108    55.101934
74.783731    82.635387
94.981929    93.214392
54.259962    75.920146
68.683291    108.899788
57.015298    52.495502
52.297804    76.402676
66.485758    114.243014
54.133849    79.585183
74.788637    82.595643
93.654766    89.346665
47.149697    88.391696
61.899406    93.380687
95.017889    93.385587
58.440611    116.201551
70.370777    105.267587
59.588124    81.556797
42.049084    120.257080
51.347005    56.147957
74.986674    82.756353
70.500428    108.039661
81.069632    95.790301
57.101338    53.053540
54.171830    102.871374
48.836411    70.944853
41.087510    88.281926
