104.419209    84.692475
45.919405    70.148578
104.198315    85.434236
103.883645    77.186837
111.567897    74.059682
100.457955    70.664247
111.829387    48.147041
84.005413    55.399741
46.899906    69.475342
84.305907    55.754120
46.583354    69.227417
112.006619    47.934557
68.714336    104.890360
89.458183    92.005988
68.391521    103.451078
84.498746    93.047257
45.492868    69.308523
78.415236    59.007456
78.313130    59.993841
46.772747    69.789566
84.955076    84.431100
85.596234    85.914607
68.924175    105.149571
76.968621    102.037401
46.395727    69.383829
68.980469    104.701446
121.117695    62.552549
101.971554    89.925985
71.393521    86.111929
45.982454    69.227736
57.200181    93.742980
68.715033    104.912250
103.747166    77.340009
128.682418    68.943249
45.838363    68.944508
113.379491    86.650420
76.561373    59.285680
103.956614    70.379341
99.974562    71.312945
135.025048    65.180380
112.855322    73.356358
80.553245    84.929966
77.864350    59.769561
81.483616    84.490488
76.816238    59.660102
82.748717    84.403246
82.175353    84.390930
63.983247    93.703085
58.953899    98.873178
120.783072    61.813850
59.589191    95.773595
70.882723    86.850503
50.005956    107.285329
120.601001    62.905463
65.398621    95.985276
80.644417    86.884701
63.991930    99.821375
68.936879    104.374622
85.140134    99.368428
113.950621    113.525356
104.222457    70.315295
128.524840    68.348642
91.950560    82.069236
102.193098    75.945474
