91.819031    99.851032
95.345092    99.029189
87.438465    90.558538
87.390310    90.518615
89.232867    97.367022
88.412095    96.416235
87.330576    94.943568
91.367197    92.948484
86.117010    93.136856
102.429637    108.482615
88.424839    96.247303
102.481153    103.834922
91.691660    93.173845
85.295988    92.208402
87.502606    90.584403
99.102010    101.746705
86.339785    93.336912
88.572061    107.910181
86.227338    89.102234
86.580340    93.753549
89.058665    91.625871
71.494568    86.996590
85.219143    92.184810
86.902014    94.237589
84.053419    103.884421
122.942275    105.238869
92.862210    93.384681
85.574627    104.609797
122.107017    105.660214
80.877621    102.322160
84.895313    104.232082
84.674763    104.035380
92.680711    93.471317
83.046086    103.329585
97.521537    95.611773
79.629424    72.204192
125.970628    106.015415
48.568401    78.386444
84.053419    103.884421
122.942275    105.238869
92.862210    93.384681
85.574627    104.609797
122.107017    105.660214
80.877621    102.322160
84.895313    104.232082
84.674763    104.035380
92.680711    93.471317
83.046086    103.329585
97.521537    95.611773
79.629424    72.204192
125.970628    106.015415
48.568401    78.386444
