39.480314    85.611729
39.518594    85.002124
34.004665    79.528378
53.414566    49.331747
73.266414    79.827164
39.271525    86.779550
74.116063    122.725160
73.491374    79.623803
73.588194    79.820885
58.108604    115.424554
52.982215    49.763784
52.982585    49.966847
73.707301    79.610565
39.546719    86.255229
36.809723    74.885542
81.839508    93.409995
34.002089    79.466796
73.587863    79.919901
39.813011    87.799081
41.088038    81.906448
65.847346    101.039305
53.176069    50.357460
100.787064    98.697478
73.759232    79.924301
56.514959    98.312458
55.599896    99.995938
52.880409    50.427258
46.466368    53.546113
73.869560    79.935760
73.373931    129.482679
43.048663    119.468066
95.186546    89.474969
58.910481    103.770607
52.434959    74.924624
70.474008    106.447295
52.975388    50.295482
50.392907    75.349559
60.048166    110.153680
68.501385    111.497967
61.066681    118.043717
52.569916    78.461734
73.877316    80.155926
93.687812    86.356449
46.785275    88.302515
62.088652    91.987277
95.316641    89.989118
60.446943    114.120576
71.960174    103.155509
46.488837    124.596263
58.398668    80.500112
