102.723262    83.352863
43.720210    67.752075
102.527652    83.894033
110.876178    47.161911
82.891191    52.367041
44.709854    67.015136
83.194809    52.813792
44.430117    66.917702
66.367711    103.338850
87.982514    91.078305
66.005801    102.069821
43.245988    66.836321
76.913376    56.196616
76.751651    57.684552
83.641007    83.666952
66.671759    103.787634
75.103844    100.905977
44.179848    66.913198
62.651662    94.503033
66.735325    103.392910
69.431617    84.975555
43.839982    66.740341
54.785887    92.567844
62.546315    94.555826
102.253137    76.569324
127.459030    67.712134
68.423449    87.459504
43.699197    66.449785
89.937524    81.678787
107.670532    85.217432
66.231697    102.671531
87.094582    81.656806
95.323822    79.355860
80.443973    83.037367
75.206707    57.727195
68.254865    86.847995
57.628973    95.134718
98.992305    70.694287
67.291992    85.961565
133.179034    64.682167
111.221515    72.923545
74.854417    101.030945
79.134931    84.153716
76.350260    57.744663
80.083492    83.644109
75.276865    57.638870
81.394859    83.660607
80.795521    83.554871
61.760500    92.825423
56.529525    97.780961
119.430825    61.295382
57.371692    95.018274
68.911442    85.772648
47.872307    106.394445
119.167402    62.613846
63.291915    95.261747
79.216811    86.074740
61.838902    98.850097
67.041353    103.841108
83.610433    98.870251
112.124203    112.767649
127.018990    68.244285
90.620063    81.476583
100.583832    75.805504
43.893888    67.014465
94.644363    91.845442
94.541673    93.609000
112.180829    85.699893
66.528967    102.210054
115.579464    63.106467
121.227475    72.363857
75.658156    57.477594
