99.434503    75.515674
90.153607    101.779426
48.728344    113.354428
45.825047    90.965060
71.680169    109.627065
84.997911    99.034764
63.928183    110.810662
50.276011    66.321157
94.498217    110.516019
77.517719    104.114534
90.016843    102.111416
50.669844    65.804655
82.762474    101.543019
126.972056    106.412701
73.728814    80.960898
45.296791    90.852232
77.864619    101.192073
79.206085    99.561042
62.094491    111.997189
74.649386    107.310009
75.072284    107.000913
66.275365    90.783827
90.332050    96.981404
81.069484    102.767012
131.943355    111.552085
51.325477    66.695515
113.205955    67.009128
114.859832    69.143877
84.506542    100.989480
115.026146    105.858489
73.719449    80.920896
86.806636    107.537611
57.205734    86.706690
72.488252    80.514152
64.611556    94.535589
70.054172    88.920464
88.692791    96.344971
74.537552    105.913012
86.620532    101.778162
127.227804    51.698823
77.580248    74.730543
57.446382    86.000272
55.213338    92.350550
