45.342306    118.434143
60.010005    85.787519
120.416741    120.060863
84.410095    89.531822
45.401918    118.944195
62.780286    109.944072
120.093302    120.412088
69.609772    113.147956
86.199154    114.984852
69.525364    127.274652
59.424760    85.035609
102.070315    79.993107
93.025118    116.336835
97.605563    94.038416
43.075029    113.455074
105.693149    105.528081
100.187669    86.452551
70.041259    99.627645
94.192288    114.173165
116.077331    126.819895
59.491678    84.541855
70.673543    99.095742
74.279903    99.473260
97.442176    94.280204
45.364536    119.098783
62.727927    112.735780
72.376305    101.206789
137.300420    85.846898
137.346876    85.876718
104.400997    108.125252
102.073888    80.324297
105.593079    105.355104
106.629626    81.704711
89.122929    107.029759
81.955142    113.160005
