91.508200    100.924327
104.172427    94.991853
66.277195    112.595738
72.375337    111.805270
67.573255    98.305863
69.465257    111.318451
61.819288    93.429453
64.848973    98.210291
71.651738    109.991034
53.477414    99.700532
79.873973    105.975332
66.725008    113.102431
69.262679    97.396924
85.609134    91.342472
52.061427    101.038877
68.789753    97.841287
77.341685    108.448145
85.312712    89.176323
74.789301    96.717784
87.076639    94.364979
77.824369    107.491190
85.321892    92.842622
61.156359    115.283829
70.404348    66.501082
72.615079    75.070399
71.352086    66.543546
70.746392    73.363876
85.094487    92.698333
85.654318    92.322539
61.739116    106.433273
85.267296    89.312441
85.635541    92.579908
57.903113    105.570569
71.161601    66.358538
85.142799    89.336908
63.576214    105.704689
78.684624    69.579527
84.973692    92.968601
76.490009    108.754640
81.687175    104.968349
85.610029    89.146577
78.545407    106.968192
70.706654    72.499599
85.332547    88.753550
85.430649    92.795484
70.221972    67.229570
87.439538    96.749048
92.437991    87.785947
61.854601    118.028823
54.194454    121.828868
50.494046    97.737475
72.036047    94.102655
82.602056    90.189610
82.859949    74.706816
52.355641    97.290469
83.954353    90.351132
45.353754    108.940141
82.219163    74.984350
80.749629    90.949637
80.903433    92.732908
78.446773    83.355357
43.270248    89.181255
59.266172    96.979298
88.125637    95.114367
41.960209    106.671785
39.777877    86.585816
77.709267    83.327948
40.822701    89.602534
79.404439    92.571276
42.480246    104.943776
59.605195    69.938429
40.464791    85.746169
59.891771    66.975276
80.836661    75.368587
44.356045    74.764983
57.339037    54.668608
37.246296    84.475101
43.361709    72.903157
82.264073    90.137321
40.797177    105.946740
57.262408    116.801454
65.486624    114.044653
41.910539    105.315226
57.855503    66.437059
59.104602    65.666318
79.380584    92.621142
45.568863    108.078649
58.418728    64.683151
39.606171    88.709114
58.067251    54.680320
80.286661    75.544503
39.848252    74.266980
82.494232    90.107915
56.481836    117.179616
75.066402    111.732960
81.270110    75.189288
