57.829988    115.191091
40.132194    84.064688
40.185481    83.554262
34.755048    78.226063
53.386705    48.275926
73.574633    78.642664
58.038319    114.642757
39.879431    85.318778
75.332078    121.047682
40.005286    85.090399
73.792283    78.480951
67.926039    122.842467
73.827940    78.502584
59.222344    113.821176
36.767785    68.786115
79.822430    128.890971
34.293430    69.122982
59.419853    84.437686
82.284995    92.394060
52.796303    48.439888
97.425543    93.976757
52.763377    48.609391
95.859115    94.649512
74.054338    78.534936
40.101773    84.741939
37.244008    73.327924
82.393056    92.444586
34.446164    78.052525
73.866646    78.667029
40.321673    86.204999
41.535814    80.571353
88.902689    88.151265
34.315016    109.744802
66.679907    99.573092
53.119357    48.647416
101.240209    97.163955
74.103404    78.677186
57.483019    97.159978
86.072355    90.225305
38.271006    61.638599
56.634580    98.794428
52.848673    49.064406
46.548767    51.978825
74.275456    78.968329
74.674076    127.913428
72.226784    129.082822
