43.268526    87.848153
62.588623    55.469556
75.859714    85.257509
76.024482    85.252068
43.245175    88.419460
39.443338    80.763787
75.882690    85.475505
62.349093    56.676959
75.981470    85.445840
62.134917    56.443496
76.138429    85.597930
57.423193    78.018208
62.283184    56.286224
76.165355    85.500164
94.072371    93.399193
56.541629    59.008198
76.301726    85.563291
80.784374    98.854954
62.349906    57.027853
54.203724    104.778267
43.490288    89.685986
57.513880    89.220929
36.954550    81.850633
65.496920    94.439663
67.104860    112.417807
63.589584    118.098181
64.804957    118.336543
40.670814    73.301679
57.404620    81.772279
50.341360    67.327029
117.910522    75.885536
108.500613    126.752442
56.523921    59.133997
37.159264    114.571696
95.096940    98.610270
34.251711    111.807638
88.530702    96.558201
68.736427    106.951661
