88.205364    91.101074
87.839734    89.709340
77.884117    89.953435
87.572572    89.491897
109.382003    115.486070
86.081396    90.506080
66.915100    91.160071
67.014290    102.207522
78.457753    87.245639
83.270220    91.764524
88.012655    89.502077
71.402261    85.598720
66.260978    91.831459
57.629259    82.833713
68.886495    91.040540
85.865775    89.656844
74.278569    91.834907
80.668060    92.559048
86.135334    90.526586
86.066164    90.510040
92.400517    68.388500
119.424726    112.004887
91.804279    80.308969
115.293065    121.244404
91.714514    81.279505
67.696303    76.021296
93.415997    80.208361
93.077747    81.238277
92.267144    82.268939
89.775676    89.674574
91.856451    80.529262
59.127964    76.666242
92.251462    82.061914
50.615006    75.357377
63.465022    92.757961
79.546627    75.585337
54.150106    89.032772
63.637765    92.411635
77.454502    85.609976
92.400517    68.388500
119.424726    112.004887
91.804279    80.308969
115.293065    121.244404
91.714514    81.279505
67.696303    76.021296
93.415997    80.208361
93.077747    81.238277
92.267144    82.268939
89.775676    89.674574
91.856451    80.529262
59.127964    76.666242
92.251462    82.061914
50.615006    75.357377
63.465022    92.757961
79.546627    75.585337
54.150106    89.032772
63.637765    92.411635
77.454502    85.609976
