86.671006    91.014782
122.870390    76.575912
92.070505    95.704491
109.838264    102.632826
98.240004    90.040025
89.702238    99.132097
87.699059    94.573635
107.421706    99.176843
86.414384    98.879346
84.408015    93.584627
80.567455    108.453196
81.056208    97.894883
81.255982    107.380499
108.963962    99.862685
71.305561    72.909245
129.866857    66.226466
103.249814    85.788838
93.741219    97.212731
117.119689    102.895686
107.020446    73.415583
129.791795    66.143873
87.285015    94.891698
115.385323    103.111387
84.451115    89.582184
103.165681    85.548796
86.993811    94.242209
114.060435    99.117179
86.597022    94.907230
113.612026    99.505711
119.675921    92.561129
84.944922    101.237306
86.167634    94.484686
101.301013    114.637139
85.165174    100.676301
71.305561    72.909245
129.866857    66.226466
103.249814    85.788838
93.741219    97.212731
117.119689    102.895686
107.020446    73.415583
129.791795    66.143873
87.285015    94.891698
115.385323    103.111387
84.451115    89.582184
103.165681    85.548796
86.993811    94.242209
114.060435    99.117179
86.597022    94.907230
113.612026    99.505711
119.675921    92.561129
84.944922    101.237306
86.167634    94.484686
101.301013    114.637139
85.165174    100.676301
