73.629262    106.196258
120.599171    109.523331
125.392406    48.631585
92.583902    92.218230
92.541821    92.387068
116.170628    76.877348
120.204151    108.557996
92.348582    92.278533
92.314285    92.155174
120.550587    51.958811
116.054515    76.978682
60.228436    114.758487
60.385319    114.869483
92.211596    92.255548
107.838287    121.076876
77.961369    102.669565
59.782145    115.112860
115.709789    77.377108
79.907245    100.815575
119.425563    92.785200
61.905886    112.332629
118.660524    106.941929
120.308985    51.784509
60.386197    114.938749
135.374648    63.573827
136.935713    92.670382
77.639313    102.855406
118.740450    112.888182
92.157437    91.963648
119.421107    92.695104
134.842997    84.243769
59.970916    115.001094
61.546425    112.779747
114.417270    105.997024
124.575548    118.469059
115.596815    77.621617
