78.942687    106.893152
76.535873    108.537452
94.868101    119.407406
105.188499    118.064442
79.755893    103.178077
104.507138    115.748138
51.373365    88.714478
87.035599    98.544443
84.580201    104.867277
93.169468    105.356415
95.133238    120.051923
98.585462    119.036249
46.798108    113.363163
86.084650    97.986782
88.861560    113.261212
41.675265    90.131248
57.969970    108.574766
90.889465    65.935326
60.199997    65.769887
100.592534    92.463633
95.713276    119.111038
97.408123    118.806533
67.870177    86.448675
89.023476    113.193029
94.788641    119.592221
103.301031    118.086364
90.649545    65.788536
60.099013    65.688080
87.136580    62.702836
49.236504    77.847121
92.406876    86.461397
99.983556    70.830232
85.661591    104.822276
90.790352    66.224169
89.829037    102.045510
98.231617    70.281047
77.742346    112.834770
85.005221    77.722319
60.693375    84.400601
40.664122    90.178129
69.791062    87.284999
83.015091    75.554116
64.776011    82.453524
61.962802    91.291308
40.876808    112.329300
55.135539    105.819713
81.393064    101.907921
55.870899    82.565529
