83.210063    88.939858
114.649685    68.421898
119.171582    68.727442
86.039266    91.951436
77.802564    83.049508
85.691909    91.835550
82.580825    86.362907
83.467677    90.541193
99.164644    98.373429
100.377041    98.364351
88.574454    87.583456
85.613578    87.493057
83.574514    91.578760
85.943408    87.591491
90.415630    107.371975
83.479227    97.674796
83.354653    92.378915
82.005389    96.114643
121.613749    68.135958
82.467418    88.640380
83.706890    87.347475
82.042722    88.021798
96.578707    94.965257
79.496504    99.967089
70.916470    111.366650
90.977977    107.792680
71.290646    109.915461
98.133102    95.738080
83.759693    90.409388
69.582597    103.041350
126.284749    52.612123
131.595415    54.007407
58.476456    68.581230
123.184625    50.857331
59.574792    68.377918
131.673755    54.125985
98.094192    84.348878
86.263087    98.865276
109.899920    103.135953
110.138745    103.489434
93.954475    86.448684
101.223123    70.430251
128.670710    105.630181
133.303574    73.088000
108.555489    103.757876
101.258143    70.396294
131.540132    53.851025
101.057214    70.348302
92.039492    84.852582
97.858616    84.109965
92.820251    85.143868
134.053871    53.758903
80.679171    96.007188
80.769222    95.969450
107.161736    99.085492
84.789110    84.576643
104.670772    89.876870
80.662086    96.966173
109.119803    99.481968
86.990642    87.160351
115.836113    91.572778
75.741450    104.940156
126.284749    52.612123
131.595415    54.007407
58.476456    68.581230
123.184625    50.857331
59.574792    68.377918
131.673755    54.125985
98.094192    84.348878
86.263087    98.865276
109.899920    103.135953
110.138745    103.489434
93.954475    86.448684
101.223123    70.430251
128.670710    105.630181
133.303574    73.088000
108.555489    103.757876
101.258143    70.396294
131.540132    53.851025
101.057214    70.348302
92.039492    84.852582
97.858616    84.109965
92.820251    85.143868
134.053871    53.758903
80.679171    96.007188
80.769222    95.969450
107.161736    99.085492
84.789110    84.576643
104.670772    89.876870
80.662086    96.966173
109.119803    99.481968
86.990642    87.160351
115.836113    91.572778
75.741450    104.940156
