65.809841    72.199801
67.224493    72.215776
83.005738    86.658740
53.091240    91.475545
52.071460    91.366013
55.180934    93.017585
70.592493    98.522633
89.363130    70.652503
82.929603    86.440331
54.072997    92.027087
52.405274    105.935694
111.982888    111.332502
91.434946    85.349230
64.465199    100.342670
64.237674    101.152110
69.342048    62.203525
36.181304    111.759811
66.068680    72.358662
67.322359    72.231997
89.430257    84.344840
68.595444    61.904771
98.762310    63.141730
54.684672    85.359430
110.994824    110.972074
103.982634    123.747082
53.713617    81.699662
66.430038    68.523041
43.023703    84.287918
43.717628    87.732611
33.765113    107.527281
66.587572    71.742328
45.050607    92.347547
111.008499    110.909197
67.985064    93.753701
66.741980    100.288301
98.227944    63.216317
72.379907    53.701783
65.938571    68.978403
95.870456    63.208318
116.970969    65.466810
127.420658    58.412660
62.649812    85.243424
47.507195    86.556763
59.930683    85.052266
82.942069    85.550849
51.645135    91.094793
72.085478    98.308312
86.356706    85.216361
54.266734    92.028794
71.198119    98.685777
70.437336    69.013011
113.944297    77.056767
133.824689    84.416842
45.828587    91.797911
52.869005    91.496640
81.879304    92.306077
