91.158313    85.211222
85.538719    79.692491
89.527772    78.145434
82.371201    78.839667
80.717109    78.257179
81.666457    82.682244
79.950966    83.302975
79.564440    83.461688
100.932889    75.194415
80.346359    83.245573
83.046867    78.361559
80.780829    78.283683
86.418345    83.183008
93.120862    85.590964
81.906761    79.705500
84.269686    79.302801
75.172915    85.972901
79.064921    81.932564
95.349121    77.074814
76.164046    80.978878
79.557465    82.529006
82.393386    81.070521
85.840511    81.666593
76.573113    88.945359
85.234791    81.935354
74.877302    79.372751
79.825499    83.732203
79.661966    82.750564
80.028306    79.113818
76.055180    78.171385
79.195641    83.498550
75.253681    78.996257
76.018994    79.753458
78.160679    79.100451
77.985606    82.023126
81.292332    80.838487
93.210127    94.258169
86.500536    82.865329
77.854760    78.994606
83.312732    78.061477
84.557962    87.184721
90.605601    91.596267
78.862151    93.922372
77.728220    88.286986
80.593111    79.056092
80.665767    82.177833
90.329100    93.723852
85.855201    85.592935
77.253609    87.991933
86.314009    98.119543
92.024698    77.041780
83.010422    80.445747
117.584750    88.334753
107.516429    61.560938
112.916963    62.114935
62.245158    75.564265
48.986317    74.756183
104.843270    60.161728
105.666479    70.200150
49.932980    74.403045
104.139843    74.936184
112.994204    62.184144
62.377170    75.576390
104.259466    74.812195
125.673432    62.636495
83.497780    86.953972
104.856697    73.108081
74.502781    88.948811
74.734975    100.884839
92.823454    103.566594
88.025546    91.218893
62.424030    82.248916
67.707910    100.894778
93.112396    103.960644
119.687300    88.453307
84.848926    77.782234
81.253880    88.384341
84.196575    91.133172
84.860736    77.631129
62.401774    75.421066
66.940464    103.369227
73.736582    99.830883
112.980460    61.981677
110.533733    106.929494
105.520554    70.147326
62.383803    82.890495
113.154832    78.760440
66.949602    97.040676
62.382631    75.563549
66.160710    96.923215
105.940938    94.276376
59.326641    111.456208
67.558823    101.087534
91.763891    104.188184
84.905830    77.639687
120.161465    88.491186
62.347154    75.627123
112.931322    61.919638
48.762600    74.310449
65.466486    95.549482
76.040021    88.416257
93.530722    91.534153
119.915863    88.469472
117.540902    88.305215
95.015099    91.512259
49.447277    74.311771
106.556198    96.659087
120.155469    88.451346
77.589926    87.132908
84.732510    77.626741
80.078997    87.295161
83.305600    86.735964
80.546050    87.514092
125.678654    62.593229
77.581495    87.350514
117.961612    88.129844
104.114675    104.396264
58.359342    112.001178
114.171340    111.409579
120.113612    88.591448
56.055525    102.077580
89.935862    91.052575
98.285172    96.065834
44.320663    108.663014
111.151583    107.922110
84.696837    77.748580
117.287214    115.787612
115.513626    61.533270
67.393405    100.488230
81.124149    88.529906
68.879020    93.182310
82.935778    89.658847
117.584750    88.334753
107.516429    61.560938
112.916963    62.114935
62.245158    75.564265
48.986317    74.756183
104.843270    60.161728
105.666479    70.200150
49.932980    74.403045
104.139843    74.936184
112.994204    62.184144
62.377170    75.576390
104.259466    74.812195
125.673432    62.636495
83.497780    86.953972
104.856697    73.108081
74.502781    88.948811
74.734975    100.884839
92.823454    103.566594
88.025546    91.218893
62.424030    82.248916
67.707910    100.894778
93.112396    103.960644
119.687300    88.453307
84.848926    77.782234
81.253880    88.384341
84.196575    91.133172
84.860736    77.631129
62.401774    75.421066
66.940464    103.369227
73.736582    99.830883
112.980460    61.981677
110.533733    106.929494
105.520554    70.147326
62.383803    82.890495
113.154832    78.760440
66.949602    97.040676
62.382631    75.563549
66.160710    96.923215
105.940938    94.276376
59.326641    111.456208
67.558823    101.087534
91.763891    104.188184
84.905830    77.639687
120.161465    88.491186
62.347154    75.627123
112.931322    61.919638
48.762600    74.310449
65.466486    95.549482
76.040021    88.416257
93.530722    91.534153
119.915863    88.469472
117.540902    88.305215
95.015099    91.512259
49.447277    74.311771
106.556198    96.659087
120.155469    88.451346
77.589926    87.132908
84.732510    77.626741
80.078997    87.295161
83.305600    86.735964
80.546050    87.514092
125.678654    62.593229
77.581495    87.350514
117.961612    88.129844
104.114675    104.396264
58.359342    112.001178
114.171340    111.409579
120.113612    88.591448
56.055525    102.077580
89.935862    91.052575
98.285172    96.065834
44.320663    108.663014
111.151583    107.922110
84.696837    77.748580
117.287214    115.787612
115.513626    61.533270
67.393405    100.488230
81.124149    88.529906
68.879020    93.182310
82.935778    89.658847
