80.026047    88.191664
80.155784    88.098880
49.099680    98.582142
58.327991    69.624271
80.376548    88.275570
80.357856    88.175889
115.763527    59.840524
58.259150    70.348858
48.297490    99.201402
48.766353    98.645246
113.983907    58.724961
48.759442    98.730789
80.370582    88.370911
89.848555    113.325487
102.739051    91.391835
89.789780    98.062226
68.663529    95.983367
54.650787    102.761959
48.042510    117.059772
89.047134    113.824230
80.083981    88.190204
92.586638    95.209174
68.256059    105.295746
