80.890509    78.011040
83.520603    83.268661
74.513088    78.649655
78.080940    82.584984
81.580560    80.651668
82.720901    75.251199
85.282450    83.650378
79.994291    75.241589
74.436489    83.757882
80.559052    82.462365
72.691187    83.409338
78.720330    75.130923
83.553297    79.747460
92.658594    76.989872
73.325014    83.628806
82.709881    75.604455
67.584690    91.709382
80.062401    75.333121
87.368863    80.811920
85.406296    83.730628
81.226277    77.379796
86.001685    96.678564
84.102159    76.710558
73.492103    84.365968
85.968146    88.500860
76.312534    78.015376
81.636021    84.946369
87.312288    78.838344
72.387442    77.313186
87.230249    84.229876
76.909006    78.632347
81.706264    79.137015
86.240248    79.261705
75.140109    87.968630
85.573276    79.620093
72.534977    75.633043
78.680306    82.255999
76.939812    79.028561
79.952071    75.429874
74.389173    74.240065
72.470623    82.976178
73.009220    75.138782
66.383251    102.103196
110.851227    89.326602
101.106462    65.667441
106.351614    65.765397
62.417904    78.005552
111.116975    89.342606
98.805329    64.488460
85.101966    89.506162
99.252907    73.183236
50.078245    77.092773
97.885525    77.149251
106.529897    65.811841
62.652751    78.010197
97.942816    77.072148
119.175047    65.451136
80.882522    86.956783
98.630704    75.622630
113.594986    67.358167
73.451270    89.054283
73.379549    100.715726
89.380341    102.655448
84.737566    90.663541
62.415849    83.827580
66.795174    101.179927
89.627055    103.095706
112.924905    89.512744
81.653969    79.667347
62.927094    96.401150
79.153498    88.357200
81.604398    90.800795
88.895105    101.609514
81.641248    79.580113
62.576135    77.885358
65.918706    103.690070
72.473841    99.492532
106.535738    65.629225
73.227636    100.513059
105.669982    106.243062
99.101293    73.110350
62.295403    84.350150
106.634773    80.439963
66.178107    97.405262
69.048224    94.932804
107.910167    101.093551
54.664189    102.730380
105.571945    107.763960
62.632952    77.933253
65.387157    97.425061
100.495296    93.976157
58.550420    112.101143
66.562596    101.511523
88.447534    103.222004
81.691326    79.540292
113.267567    89.563574
62.574742    78.059905
106.298607    65.629005
48.984458    77.063841
64.799520    96.089784
74.799910    88.484509
89.390451    91.088412
113.026429    89.538640
110.678826    89.310238
90.631929    91.202517
49.705320    77.158777
101.353559    96.349509
113.276003    89.576643
76.143456    87.225594
66.383251    102.103196
110.851227    89.326602
101.106462    65.667441
106.351614    65.765397
62.417904    78.005552
111.116975    89.342606
98.805329    64.488460
85.101966    89.506162
99.252907    73.183236
50.078245    77.092773
97.885525    77.149251
106.529897    65.811841
62.652751    78.010197
97.942816    77.072148
119.175047    65.451136
80.882522    86.956783
98.630704    75.622630
113.594986    67.358167
73.451270    89.054283
73.379549    100.715726
89.380341    102.655448
84.737566    90.663541
62.415849    83.827580
66.795174    101.179927
89.627055    103.095706
112.924905    89.512744
81.653969    79.667347
62.927094    96.401150
79.153498    88.357200
81.604398    90.800795
88.895105    101.609514
81.641248    79.580113
62.576135    77.885358
65.918706    103.690070
72.473841    99.492532
106.535738    65.629225
73.227636    100.513059
105.669982    106.243062
99.101293    73.110350
62.295403    84.350150
106.634773    80.439963
66.178107    97.405262
69.048224    94.932804
107.910167    101.093551
54.664189    102.730380
105.571945    107.763960
62.632952    77.933253
65.387157    97.425061
100.495296    93.976157
58.550420    112.101143
66.562596    101.511523
88.447534    103.222004
81.691326    79.540292
113.267567    89.563574
62.574742    78.059905
106.298607    65.629005
48.984458    77.063841
64.799520    96.089784
74.799910    88.484509
89.390451    91.088412
113.026429    89.538640
110.678826    89.310238
90.631929    91.202517
49.705320    77.158777
101.353559    96.349509
113.276003    89.576643
76.143456    87.225594
66.383251    102.103196
110.851227    89.326602
101.106462    65.667441
106.351614    65.765397
62.417904    78.005552
111.116975    89.342606
98.805329    64.488460
85.101966    89.506162
99.252907    73.183236
50.078245    77.092773
97.885525    77.149251
106.529897    65.811841
62.652751    78.010197
97.942816    77.072148
119.175047    65.451136
80.882522    86.956783
98.630704    75.622630
113.594986    67.358167
73.451270    89.054283
73.379549    100.715726
89.380341    102.655448
84.737566    90.663541
62.415849    83.827580
66.795174    101.179927
89.627055    103.095706
112.924905    89.512744
81.653969    79.667347
62.927094    96.401150
79.153498    88.357200
81.604398    90.800795
88.895105    101.609514
81.641248    79.580113
62.576135    77.885358
65.918706    103.690070
72.473841    99.492532
106.535738    65.629225
73.227636    100.513059
105.669982    106.243062
99.101293    73.110350
62.295403    84.350150
106.634773    80.439963
66.178107    97.405262
69.048224    94.932804
107.910167    101.093551
54.664189    102.730380
105.571945    107.763960
62.632952    77.933253
65.387157    97.425061
100.495296    93.976157
58.550420    112.101143
66.562596    101.511523
88.447534    103.222004
81.691326    79.540292
113.267567    89.563574
62.574742    78.059905
106.298607    65.629005
48.984458    77.063841
64.799520    96.089784
74.799910    88.484509
89.390451    91.088412
113.026429    89.538640
110.678826    89.310238
90.631929    91.202517
49.705320    77.158777
101.353559    96.349509
113.276003    89.576643
76.143456    87.225594
