80.334449    88.006311
49.480365    99.277968
58.225585    70.247549
80.539529    88.073495
58.201294    70.940518
48.738360    99.598533
49.155007    99.127629
114.658866    57.458909
49.192902    98.988825
80.690459    87.892488
103.157449    90.698619
89.983276    97.617209
68.930548    95.752801
55.173894    103.347586
48.937470    117.591985
89.530774    113.646927
80.226021    88.297333
68.707512    105.543460
58.410381    70.012898
72.952740    95.614897
95.490113    92.419464
83.160889    113.902451
