112.996238    53.131403
110.720599    90.055490
112.956762    53.769734
110.399026    91.120466
52.479258    81.089661
110.618227    90.994376
73.008600    73.638267
108.497418    81.937739
115.911601    78.839878
38.911027    97.305296
103.377635    74.786603
84.461810    91.174902
112.891744    53.014516
86.588295    66.150616
70.770645    102.624347
52.919965    80.667252
35.076729    99.824494
38.791747    98.799233
53.576137    80.492686
84.669022    91.748349
86.810600    66.315296
89.112165    89.794476
89.722790    91.127464
38.971365    97.305837
53.198654    80.220664
113.112599    52.967161
108.359490    71.731221
84.614077    91.757105
113.081537    52.813245
82.228311    70.539514
108.312647    71.990592
76.279776    115.840082
100.380156    104.000049
84.679178    92.183373
95.410109    98.511991
75.835654    114.082579
83.594234    111.750326
106.989382    83.384483
37.031866    104.282380
90.047697    99.773914
101.818886    91.252828
63.651255    102.094418
52.342536    80.960177
82.354898    69.732239
81.973472    69.986940
53.350879    80.805382
88.970504    89.985729
89.799369    91.551554
86.755056    90.946668
75.418880    114.126052
83.003184    110.628140
53.096687    80.446052
70.771188    102.548633
70.952015    103.327412
75.585961    113.730262
123.913257    66.590739
88.549631    89.706403
109.005843    95.901311
138.633386    61.273213
