69.868334    112.534273
87.842172    91.369325
56.297278    128.635417
56.124743    128.802876
90.992989    115.438932
67.530939    113.714818
72.037729    118.779725
68.256432    122.604324
39.715738    90.669971
63.507058    91.639260
113.077013    101.967039
45.722406    121.645107
71.195214    115.895636
77.128930    105.424359
109.896961    109.250113
72.329464    126.615549
109.321117    122.955424
67.885239    95.903273
138.722404    75.325361
103.772394    77.931210
102.578358    110.209583
63.315638    91.630927
113.284222    78.360741
100.256814    110.305272
94.382882    115.521753
139.120079    75.638336
64.230439    91.476018
103.302333    88.585221
71.757090    118.821348
98.356766    47.973235
129.770172    113.481287
107.776857    109.749290
84.181940    104.145573
