92.936200    99.505269
89.702016    96.675144
88.801200    91.253928
88.736529    91.206481
89.997524    97.104735
88.084463    94.755624
93.186004    93.470963
86.657830    92.688575
89.130058    96.050114
98.575504    103.755831
104.284840    103.723435
78.291294    81.038945
93.571542    93.694138
76.839040    78.039691
95.208724    99.249868
85.844638    91.594844
89.006096    91.344613
79.005981    82.328276
101.433876    102.321073
86.854246    93.153596
86.152653    88.841740
90.471867    106.007676
86.350302    89.234645
87.062771    93.677426
90.603208    92.207100
68.994841    71.105799
76.997329    87.934660
85.637701    91.656732
80.075105    89.043915
87.612126    94.002172
56.001564    87.042203
55.106592    79.935996
54.312677    80.585204
86.409252    92.113238
87.457033    103.155889
107.988087    106.823640
126.955841    103.947088
96.316071    93.125415
89.128159    103.914524
125.081726    104.923503
84.023203    101.376203
88.319168    103.603839
88.167810    103.325709
95.548484    93.303934
85.749049    102.707290
100.649948    95.292385
81.849961    72.012064
59.565726    82.442087
51.976277    82.940905
51.380749    85.292119
54.121501    59.279879
50.977509    79.449911
86.057787    91.583371
68.308517    79.904114
59.379324    81.741614
67.281387    78.458830
82.618293    100.312011
93.700698    106.415294
63.851011    54.329584
69.793046    80.264902
87.457033    103.155889
107.988087    106.823640
126.955841    103.947088
96.316071    93.125415
89.128159    103.914524
125.081726    104.923503
84.023203    101.376203
88.319168    103.603839
88.167810    103.325709
95.548484    93.303934
85.749049    102.707290
100.649948    95.292385
81.849961    72.012064
59.565726    82.442087
51.976277    82.940905
51.380749    85.292119
54.121501    59.279879
50.977509    79.449911
86.057787    91.583371
68.308517    79.904114
59.379324    81.741614
67.281387    78.458830
82.618293    100.312011
93.700698    106.415294
63.851011    54.329584
69.793046    80.264902
