108.766937    101.209380
105.122911    105.104115
97.240801    110.801316
64.693779    80.204741
93.124331    111.600598
89.959871    103.547476
91.935445    111.528525
71.553597    92.730545
85.132072    98.087833
69.484470    92.706787
84.859268    97.896434
62.535224    76.097076
60.686622    69.014640
61.060043    72.196779
86.615796    89.904433
86.655374    89.904482
62.769679    77.042196
59.223734    86.919973
60.163717    70.381392
63.384112    78.800731
110.037247    93.730169
119.991340    103.182602
112.584845    101.550593
39.826328    60.154402
112.215092    101.786757
75.492794    107.932088
111.627179    101.610334
40.729437    55.507476
39.010389    54.463305
111.552076    101.636478
79.453192    93.112436
122.569173    89.869794
40.110891    49.511396
41.148254    60.493370
100.875195    103.151038
115.660537    89.058557
111.328630    100.993739
77.656029    108.398153
41.111012    59.816627
79.177542    92.898227
72.114729    107.089000
74.945914    107.636933
40.023661    54.996912
40.010059    63.333693
40.852439    65.266085
134.508670    92.286679
119.991340    103.182602
112.584845    101.550593
39.826328    60.154402
112.215092    101.786757
75.492794    107.932088
111.627179    101.610334
40.729437    55.507476
39.010389    54.463305
111.552076    101.636478
79.453192    93.112436
122.569173    89.869794
40.110891    49.511396
41.148254    60.493370
100.875195    103.151038
115.660537    89.058557
111.328630    100.993739
77.656029    108.398153
41.111012    59.816627
79.177542    92.898227
72.114729    107.089000
74.945914    107.636933
40.023661    54.996912
40.010059    63.333693
40.852439    65.266085
134.508670    92.286679
