39.515852    85.052322
39.539017    84.430488
34.079867    79.079105
52.965674    48.962522
73.084841    79.253571
57.208661    115.501444
39.274653    86.195495
74.505882    121.908025
39.397109    86.018855
73.293208    79.051750
73.389442    79.186376
58.355554    114.591504
36.275000    69.596682
78.918854    129.562491
33.736961    69.982554
58.841453    84.976064
81.826946    92.890436
52.494332    49.258805
52.493871    49.451482
95.312574    95.108622
73.538169    79.057484
39.500654    85.639676
36.734574    74.328539
81.855380    92.936993
33.884521    78.903618
73.376824    79.303211
39.791865    87.181654
40.990178    81.434644
88.456054    88.744987
33.738033    110.558245
65.948326    100.323477
52.809375    49.199927
100.765586    97.727098
73.570740    79.292235
56.638339    97.869303
85.562084    90.662918
55.788625    99.553493
52.356254    49.897663
46.045205    53.050718
73.681535    79.374233
73.707577    128.572137
71.258505    129.759488
43.280616    118.706432
33.942513    110.377080
95.188634    89.024285
