112.578451    101.721937
99.895471    99.527475
101.483616    111.451062
104.421897    99.367333
67.538521    80.608650
85.692711    97.390611
71.128326    81.142123
96.947833    111.934846
75.397666    91.725999
86.663079    96.612187
73.205183    91.788588
86.381959    96.201351
65.131548    77.313897
63.104015    68.933645
63.632755    72.511076
87.828680    95.165940
91.166405    99.072666
104.041296    99.871371
86.371694    89.865299
86.438813    89.855226
85.140376    96.669209
86.419032    97.419677
86.774921    90.024473
84.479595    96.525425
83.305057    96.554753
66.174818    70.805109
65.475403    78.174959
58.906364    90.546004
86.372466    90.745771
62.531242    86.396807
83.835235    96.323675
89.001720    93.551564
86.390257    90.400687
89.361067    94.171946
62.761301    70.020013
66.262754    79.028359
114.626697    93.564312
82.034981    96.620817
67.160571    70.193079
67.513657    99.739242
64.936282    98.240141
84.582445    92.176341
115.968134    103.060070
67.721363    96.878728
96.687596    111.772603
99.125245    111.913101
56.225772    95.960729
86.971911    89.913551
97.473275    111.797524
108.140694    94.600603
106.271702    99.796004
93.629730    105.381539
124.403649    103.211426
115.657250    101.613708
117.274193    101.590313
114.660234    101.665026
66.636099    94.983301
43.561097    60.514395
117.739863    101.462324
49.139358    87.522598
51.430735    87.959064
73.743403    92.795220
79.294786    106.196116
116.394871    101.827890
82.785279    93.782692
44.600578    55.145655
42.679779    54.643257
121.210045    90.226415
69.583815    104.624119
89.886963    105.558591
94.237553    99.422868
116.402199    101.804733
82.099130    92.325010
43.541080    61.165307
49.336933    88.077786
77.691293    92.485990
127.409116    89.536053
96.528025    100.254667
93.902641    110.141996
44.237426    48.621295
44.763557    61.787612
35.828733    76.963545
106.391911    102.858643
71.382204    91.837444
117.285531    100.583659
82.244191    106.521277
44.733880    61.034730
73.681419    91.981070
82.513898    91.611731
71.326617    104.748458
75.689780    105.458914
93.290247    99.831025
78.241779    106.355223
43.882328    54.861117
44.175941    62.360609
49.418268    87.618509
91.940486    114.328653
44.962472    64.528351
66.301176    103.774132
48.105581    49.649200
41.283469    98.123395
44.773614    101.483591
127.847206    104.219343
102.166120    121.467774
45.550996    58.937371
77.049619    90.909013
67.708846    95.164698
88.613920    97.072282
117.291923    101.323744
82.228974    107.538033
99.915931    121.889830
105.025211    121.412733
44.631012    49.825791
45.454821    60.503012
124.403649    103.211426
115.657250    101.613708
117.274193    101.590313
114.660234    101.665026
66.636099    94.983301
43.561097    60.514395
117.739863    101.462324
49.139358    87.522598
51.430735    87.959064
73.743403    92.795220
79.294786    106.196116
116.394871    101.827890
82.785279    93.782692
44.600578    55.145655
42.679779    54.643257
121.210045    90.226415
69.583815    104.624119
89.886963    105.558591
94.237553    99.422868
116.402199    101.804733
82.099130    92.325010
43.541080    61.165307
49.336933    88.077786
77.691293    92.485990
127.409116    89.536053
96.528025    100.254667
93.902641    110.141996
44.237426    48.621295
44.763557    61.787612
35.828733    76.963545
106.391911    102.858643
71.382204    91.837444
117.285531    100.583659
82.244191    106.521277
44.733880    61.034730
73.681419    91.981070
82.513898    91.611731
71.326617    104.748458
75.689780    105.458914
93.290247    99.831025
78.241779    106.355223
43.882328    54.861117
44.175941    62.360609
49.418268    87.618509
91.940486    114.328653
44.962472    64.528351
66.301176    103.774132
48.105581    49.649200
41.283469    98.123395
44.773614    101.483591
127.847206    104.219343
102.166120    121.467774
45.550996    58.937371
77.049619    90.909013
67.708846    95.164698
88.613920    97.072282
117.291923    101.323744
82.228974    107.538033
99.915931    121.889830
105.025211    121.412733
44.631012    49.825791
45.454821    60.503012
