39.816601    83.739643
69.434439    128.334929
39.899215    83.387443
34.317466    78.316828
52.435287    47.800395
73.335103    77.823409
58.662630    113.984069
98.922675    129.522988
80.018193    128.414822
39.662662    85.173461
76.165530    119.971810
39.768929    84.893911
73.592794    77.729456
68.823441    122.051513
73.735391    77.894671
59.883100    113.250388
80.243431    129.119975
36.134313    68.676885
80.870034    127.848846
33.619948    69.014792
59.369142    84.089046
82.415112    91.561655
51.948809    48.191613
97.575882    92.771986
80.628621    129.255673
51.977226    48.409378
96.251500    93.800881
74.045316    78.001146
39.787472    84.488865
36.581404    73.086495
82.482745    91.587739
33.641717    77.522034
73.441832    77.654508
39.973891    85.859629
69.191301    94.111442
40.910669    79.939958
88.819266    87.093673
68.375509    93.894918
34.285612    109.454569
66.532082    98.500559
46.722840    128.051311
52.452958    48.312309
101.677065    96.494384
74.101277    78.127031
57.815491    96.713964
86.311117    89.682274
37.588981    61.223516
56.946325    98.316763
