106.629301    85.110529
105.854883    85.959971
106.299319    85.840637
106.049747    78.215953
113.069433    74.450166
111.916390    49.381475
84.378131    59.109519
68.288404    97.532440
50.397611    74.221283
84.437291    58.829506
50.066082    73.976612
111.870925    48.935685
72.067473    106.988733
71.924012    105.690001
35.174151    99.808241
61.469480    97.258991
80.104265    63.633618
80.295095    64.760006
87.460880    86.737094
88.058905    88.002533
80.392049    104.796064
68.679431    97.816378
68.813336    98.461534
72.964397    107.814829
121.862270    62.833745
86.550949    86.013090
105.076208    91.193561
74.457917    88.631296
50.356992    75.037533
61.553764    96.904525
68.524946    98.306881
72.835233    107.998158
105.933247    78.298498
130.039571    68.525786
35.414393    90.478851
93.751068    84.923601
73.496146    91.091421
49.942421    74.404633
77.803717    88.808494
36.254510    102.285315
92.850084    83.475409
104.774732    73.537247
111.962832    86.289212
35.174312    100.273707
71.236144    105.154600
89.990782    83.527691
98.325768    81.022692
116.026655    87.102093
