87.082710    89.348435
95.737743    102.128752
90.994123    97.956064
90.402399    91.958789
90.450735    91.989408
91.388681    98.390557
87.466328    93.744858
90.264676    97.056553
100.541775    105.368358
107.202090    105.696305
81.124670    82.793078
95.792341    94.668054
79.912874    79.980722
86.149154    90.969472
90.258992    91.791172
81.740569    84.009498
103.093465    103.016389
87.238721    93.155314
86.339109    89.633912
93.613265    109.590576
86.402367    89.488286
87.227935    93.085438
92.473495    92.987762
86.890906    89.443038
73.736982    73.758499
79.667896    88.348993
86.057496    90.747509
70.104593    96.457610
89.050024    95.860723
58.854719    87.101994
57.896555    80.294836
57.090385    80.895447
86.994953    92.878841
60.277811    95.696391
56.767124    79.336226
55.939706    75.639572
90.731907    104.861607
64.140774    64.275226
99.843328    94.397565
92.630727    105.802497
97.392207    108.231219
87.107171    102.870964
91.097451    105.070197
103.322396    124.601969
98.597250    94.164326
87.399116    103.235582
102.779400    95.905976
81.481012    72.388208
84.041031    72.723638
57.614845    84.208410
57.060934    86.458609
60.752550    60.264667
54.232395    79.968402
87.651829    92.161013
70.890021    80.632580
61.583951    82.110737
69.781384    79.230390
85.045889    101.369220
96.220615    107.665546
66.190062    55.562859
72.104622    80.914792
109.055997    108.700607
78.605961    98.627747
90.731907    104.861607
64.140774    64.275226
99.843328    94.397565
92.630727    105.802497
97.392207    108.231219
87.107171    102.870964
91.097451    105.070197
103.322396    124.601969
98.597250    94.164326
87.399116    103.235582
102.779400    95.905976
81.481012    72.388208
84.041031    72.723638
57.614845    84.208410
57.060934    86.458609
60.752550    60.264667
54.232395    79.968402
87.651829    92.161013
70.890021    80.632580
61.583951    82.110737
69.781384    79.230390
85.045889    101.369220
96.220615    107.665546
66.190062    55.562859
72.104622    80.914792
109.055997    108.700607
78.605961    98.627747
