34.423644    87.864929
50.740087    89.487766
65.231349    112.880447
88.200806    111.407587
76.411859    107.664277
62.932637    84.112916
35.501047    89.110953
81.842250    76.550154
78.483317    76.032524
79.627270    102.501584
94.725035    117.946510
105.022378    116.509384
47.230690    77.907548
79.598075    102.454428
104.262986    114.169694
50.806500    88.710379
86.792735    97.851276
84.401600    103.977327
92.872901    104.219255
121.838978    99.522727
94.876868    118.400719
98.558148    117.488405
88.784336    97.815944
123.181531    100.761360
46.653124    112.658568
91.224611    98.275727
111.736770    115.170620
85.843290    97.320330
88.639601    111.817636
41.436238    90.552826
68.239309    86.809527
57.834116    108.079498
72.943589    101.191520
90.132109    65.400176
119.117238    75.735302
102.261178    116.487531
59.168282    65.471525
119.935213    75.052153
100.025707    91.489827
117.691402    75.512326
95.620868    117.747687
120.227870    57.615171
97.263108    117.395175
133.164871    58.996776
84.559311    77.238521
67.399429    86.390872
88.912686    111.974809
94.700958    118.211312
103.075837    116.771634
89.929219    65.342035
123.551133    77.738727
59.009776    65.416661
86.207753    62.111277
112.962546    91.028251
123.307836    100.716964
70.973052    100.333241
82.324365    74.920072
48.415923    77.926235
120.938096    73.761599
91.946380    85.860087
121.429260    73.687912
99.200072    70.135917
85.406433    103.795127
89.983508    65.572111
89.558108    101.174250
97.443356    69.562508
