47.301387    75.802909
86.386452    88.889361
107.232688    91.295969
75.750856    90.276717
59.938635    107.221910
81.092123    87.605773
92.918826    90.166637
117.976704    85.157807
71.481179    94.807485
78.310813    90.050139
80.158508    86.394473
85.733530    84.685067
93.696793    90.173105
76.024548    90.291384
80.052357    88.972971
106.400159    69.576028
117.231543    80.862684
112.734016    69.570291
44.527426    75.108422
86.324477    88.650432
107.440835    91.459237
64.822588    92.480828
76.410783    90.320831
110.783849    95.291533
81.162565    87.628273
89.388240    89.364291
109.103984    92.438797
62.498669    91.750963
48.521180    75.983802
85.651712    84.749257
101.122626    93.766118
108.534443    100.553401
60.636470    106.254603
103.601002    110.475052
80.787631    87.561244
93.646527    90.112502
117.383732    84.744930
66.393638    99.139860
79.571291    89.129450
82.053627    89.179892
118.102101    80.646353
63.196310    91.505117
111.163734    69.479255
74.890257    83.572197
62.352292    92.407667
44.979443    75.412157
106.538061    69.494783
75.554541    83.778039
117.418782    84.482008
80.731351    87.467615
75.042352    83.664462
117.666812    84.495371
48.484722    97.214754
52.467854    76.925738
85.704077    84.720812
111.337932    69.632937
72.365892    102.470982
53.537316    94.352480
60.102925    93.399019
117.545091    84.612907
57.549380    94.367071
75.519416    83.958314
73.828320    90.765658
48.306194    97.833588
75.917007    94.750082
118.310528    69.173715
86.161950    98.625426
109.370310    110.126410
74.863436    90.558069
82.092117    89.201869
93.219235    93.947194
67.820580    102.807395
81.824701    97.080391
106.874255    69.378045
116.195975    84.549465
80.625886    86.754603
75.539505    83.982578
57.365755    94.442282
