87.662562    86.736621
87.730050    86.632294
38.853364    104.274294
86.888030    106.423674
73.321273    101.070684
44.284706    108.552273
44.099465    108.644982
102.376229    115.457966
87.621661    86.658460
84.453974    100.635481
105.602489    103.795137
90.698433    67.519769
44.837265    108.530280
105.780167    103.839522
111.945509    99.112890
86.636591    78.849746
103.812229    80.312348
65.628533    94.166774
62.109873    94.109010
86.635889    106.504071
112.238009    70.838636
87.711153    86.442495
90.365955    67.338979
88.407761    122.032439
111.266223    73.139863
45.740499    109.730885
74.342275    101.051320
78.620350    94.770924
106.486234    103.811752
74.300398    92.955871
88.120818    86.144033
36.080360    91.005269
60.934219    94.225416
83.535614    92.746987
98.586451    112.388015
122.785396    59.373275
110.171668    72.456870
43.519696    108.636051
126.803486    102.980143
79.595716    118.958398
102.592045    115.212270
89.296501    67.080013
74.688523    91.682679
67.597503    80.755435
35.657989    105.872978
37.332844    104.340639
87.427515    85.831386
43.810162    108.806394
119.317264    112.133715
96.532786    118.013411
122.737336    59.083649
40.099164    115.285703
89.585021    67.351494
78.061473    93.593981
33.826637    81.631505
65.196756    94.024487
111.341269    71.288205
62.871360    94.328064
39.882198    102.648026
61.392873    94.436759
136.586943    96.592959
80.003764    119.160672
67.726499    91.526216
86.596554    102.874160
79.457201    124.777732
112.563356    72.110465
74.156770    93.142945
85.404548    92.077159
108.348926    96.464234
72.266439    100.898184
88.014893    104.787034
112.624527    105.114976
120.565013    112.180053
79.120872    117.878655
82.003877    124.065690
123.626441    59.015915
109.635517    72.627205
59.162773    94.772599
84.623322    93.365046
106.422506    96.687042
32.829281    110.118214
