96.765494    94.233361
52.603306    105.851418
83.393561    86.864078
53.552056    91.782880
52.527577    91.671816
55.640784    93.310600
89.580085    70.983407
83.251061    86.540391
54.537944    92.330646
52.483003    105.787390
112.672215    110.973512
54.079337    91.815955
91.731804    85.369762
52.483489    91.568885
69.859767    62.930016
35.664867    111.079395
66.013483    72.402646
67.268661    72.278252
89.419173    84.240725
99.127151    63.676848
54.592130    85.384152
110.998006    110.067362
66.366651    52.015533
65.233323    71.787022
104.175602    123.455675
53.546965    81.735588
114.864996    125.746217
66.028837    68.411503
42.912418    84.304859
43.566205    87.832341
33.713508    107.519870
44.907750    92.434093
111.056351    110.330028
67.789603    93.630541
101.670363    88.891111
66.911977    100.068145
