59.701399    84.904441
84.181746    89.139700
44.529128    117.434709
62.168716    108.887192
119.233045    120.893460
41.895702    112.487860
68.991126    112.371014
42.514984    113.294598
68.464620    126.245903
59.179604    84.220415
101.941097    79.795488
97.270202    93.733316
42.326468    112.099612
104.876309    105.181576
99.896855    86.337107
69.725525    98.982574
98.189485    91.667794
93.390285    113.435738
114.926856    126.744088
59.218375    83.705206
70.351729    98.444987
73.992407    98.851936
97.013821    94.018762
44.632222    118.059953
62.180620    111.848743
72.054193    100.461534
137.135582    86.317520
