95.935500    97.115241
86.843408    87.496546
114.530605    103.410909
115.906371    103.156744
102.898448    90.570261
87.152466    85.671890
86.171440    89.648720
112.231491    99.988773
90.100908    99.565187
86.616463    93.952449
85.191794    107.901999
106.276416    111.275615
85.680318    106.887819
113.909874    100.567425
89.814914    94.266074
81.391653    99.650745
75.673902    91.710774
76.658152    101.825879
74.237354    72.228169
74.825918    72.365078
85.474785    73.068533
98.803735    97.439483
87.669923    95.131103
112.196830    72.205888
120.944912    102.950138
112.153986    72.196362
112.096996    72.125800
90.403924    94.964838
118.750599    99.325845
124.815206    92.142269
89.510005    101.230452
89.803087    94.463540
58.758002    88.638335
131.867688    98.690957
74.237354    72.228169
74.825918    72.365078
85.474785    73.068533
98.803735    97.439483
87.669923    95.131103
112.196830    72.205888
120.944912    102.950138
112.153986    72.196362
112.096996    72.125800
90.403924    94.964838
118.750599    99.325845
124.815206    92.142269
89.510005    101.230452
89.803087    94.463540
58.758002    88.638335
131.867688    98.690957
