56.775751    76.875079
81.245126    88.831557
52.042943    103.280013
57.886047    74.999000
112.459715    54.373545
81.735726    88.710779
58.092770    106.193708
53.392366    120.916177
81.440058    88.881491
58.013462    74.278518
74.991442    96.936798
87.126073    114.202599
71.048589    97.617373
45.592216    108.307924
53.700950    120.864478
85.668479    124.170834
87.029713    113.974450
95.825464    111.840668
104.853099    114.900051
74.185229    113.045003
80.955157    105.106892
46.100278    104.555148
81.622250    105.396095
95.773210    111.552798
78.172419    103.720509
85.536145    109.864088
84.188389    124.787003
