101.626939    98.129580
90.423392    95.564982
88.594852    90.379237
96.855505    101.669406
89.621490    94.895488
90.912546    108.731475
87.011411    96.439705
91.027046    107.779729
93.682306    95.053262
82.230292    90.661963
53.889358    74.843957
81.826189    90.819442
57.040221    74.391059
87.046726    109.280787
84.846293    101.353230
85.319065    108.971995
52.736499    64.056891
59.598975    91.200323
79.598627    98.607702
57.522240    90.978496
79.140397    98.568277
51.711131    69.327977
84.689906    90.037397
51.471890    62.735135
85.319054    94.900803
51.448802    66.149751
117.273851    94.868068
78.186862    98.629625
84.517791    93.884789
86.315267    96.117217
95.383306    95.974376
81.923886    73.023847
109.957440    100.536293
102.887182    98.360711
32.010164    60.740040
65.196638    89.600526
103.153868    86.930651
31.799112    58.078097
31.753923    55.802592
32.830577    54.912067
101.903173    99.920343
36.812105    47.414087
36.446622    86.237416
38.630066    86.694564
61.876589    92.304623
67.442081    106.092227
101.971186    98.641336
36.661977    47.378577
75.367745    92.198895
34.024985    51.546892
36.539976    86.211360
130.428381    92.605445
32.464854    50.461863
108.433727    88.392569
127.467565    92.925409
58.683144    104.095100
80.707746    102.397094
84.773420    96.179099
81.923886    73.023847
109.957440    100.536293
102.887182    98.360711
32.010164    60.740040
65.196638    89.600526
103.153868    86.930651
31.799112    58.078097
31.753923    55.802592
32.830577    54.912067
101.903173    99.920343
36.812105    47.414087
36.446622    86.237416
38.630066    86.694564
61.876589    92.304623
67.442081    106.092227
101.971186    98.641336
36.661977    47.378577
75.367745    92.198895
34.024985    51.546892
36.539976    86.211360
130.428381    92.605445
32.464854    50.461863
108.433727    88.392569
127.467565    92.925409
58.683144    104.095100
80.707746    102.397094
84.773420    96.179099
