105.435893    99.458457
92.833094    86.584392
92.658267    97.149093
91.858844    90.866604
101.224230    103.558014
92.506487    96.710400
93.817896    110.804843
93.934479    109.917547
97.244985    96.576210
83.256805    90.567812
56.385916    75.987176
83.275466    99.075088
83.044620    90.670777
59.768723    75.578900
80.683789    91.903695
89.522416    111.181370
86.877729    103.155390
96.024105    90.612752
88.264252    111.356252
55.169112    65.149984
62.683058    91.629430
81.488683    99.075995
60.498279    91.467944
81.034695    99.045726
54.310281    70.462964
84.796215    90.235856
53.615609    64.054587
85.939116    95.888492
53.663999    67.437240
119.812102    95.509587
79.286162    98.879187
85.174514    94.780130
87.220210    97.357396
97.958948    97.260467
84.712582    90.133808
84.642560    90.150593
79.853002    99.022687
81.951417    98.990526
83.933392    90.480401
78.712368    99.055492
76.467597    99.306429
56.661733    65.273212
54.798431    72.238551
84.103520    73.918491
113.592673    101.976485
106.318583    99.997721
34.980236    62.164548
67.567719    90.187627
106.032022    87.837378
54.842124    95.746707
34.804047    59.639166
34.653306    57.031433
104.315748    87.607873
35.702160    56.129421
70.898373    107.237384
105.970702    101.058006
39.099454    48.807376
39.899250    87.739863
42.243648    88.197827
66.297846    93.548578
71.074000    107.557114
105.334263    99.935219
38.763741    48.773733
76.758991    92.526548
36.352206    53.233815
39.484462    87.556229
133.169047    92.892837
34.617195    51.795481
111.208600    88.759228
130.356617    93.312808
61.220436    104.930402
82.632466    103.346259
86.957405    97.254943
105.594187    100.106513
75.216083    92.363114
35.016585    59.108871
39.867095    87.685661
71.738201    92.001741
117.226802    89.231331
88.536029    98.165053
84.934805    108.298591
35.809952    47.848448
36.563316    58.219049
84.103520    73.918491
113.592673    101.976485
106.318583    99.997721
34.980236    62.164548
67.567719    90.187627
106.032022    87.837378
54.842124    95.746707
34.804047    59.639166
34.653306    57.031433
104.315748    87.607873
35.702160    56.129421
70.898373    107.237384
105.970702    101.058006
39.099454    48.807376
39.899250    87.739863
42.243648    88.197827
66.297846    93.548578
71.074000    107.557114
105.334263    99.935219
38.763741    48.773733
76.758991    92.526548
36.352206    53.233815
39.484462    87.556229
133.169047    92.892837
34.617195    51.795481
111.208600    88.759228
130.356617    93.312808
61.220436    104.930402
82.632466    103.346259
86.957405    97.254943
105.594187    100.106513
75.216083    92.363114
35.016585    59.108871
39.867095    87.685661
71.738201    92.001741
117.226802    89.231331
88.536029    98.165053
84.934805    108.298591
35.809952    47.848448
36.563316    58.219049
