93.618148    81.895824
35.686509    61.819460
36.491364    61.052528
35.205089    60.999838
68.329698    51.427047
68.434160    52.491109
55.722998    100.201432
65.751021    98.332563
36.232681    61.115806
60.842088    81.671832
36.184930    61.158163
45.442955    89.025902
56.105314    99.815084
81.330390    79.467354
74.104004    80.699248
58.634366    82.686445
127.027899    64.216414
103.372160    71.432034
65.838300    98.460427
68.045606    52.310590
73.311776    80.737991
66.958249    52.081499
74.720034    80.705041
74.075196    80.650552
112.723313    59.839755
47.098281    90.817081
59.786283    81.966364
37.493054    101.452024
112.460265    61.060568
53.238518    91.582446
51.586421    95.363124
55.766084    99.885139
84.385618    78.962313
36.054399    61.184623
86.995639    89.467715
55.160456    98.148936
109.079310    61.599101
114.342021    71.194363
68.038659    52.232699
36.239085    61.289620
119.464234    69.468755
67.488549    52.213772
68.451393    51.730629
119.982864    68.037084
74.935681    81.079335
101.300418    87.044311
130.923993    63.247197
76.171725    79.882577
84.699329    79.238396
36.336001    61.173020
49.602137    84.323689
58.047167    82.369376
51.246705    84.067590
119.551882    66.838440
88.422779    77.502225
48.104102    88.555431
75.553306    89.346897
91.980629    87.126502
113.990374    68.265629
119.986706    68.027520
78.284574    82.811739
84.708567    78.452863
48.626468    92.838832
36.186479    60.861915
97.049306    68.120730
92.654194    69.791828
137.172412    73.581058
72.886936    96.432044
