56.355120    79.662142
81.885045    89.052997
54.438682    106.766101
60.952296    108.895635
57.419557    77.916506
76.364939    97.711243
34.547846    102.501609
72.663009    99.122721
48.544718    112.442001
57.966667    123.942433
89.953457    123.964323
108.040927    112.471608
77.449450    114.207817
83.329088    105.268108
48.751276    108.759483
84.055080    105.460439
98.748877    109.928062
34.444980    102.491203
80.322053    104.463684
88.450613    109.572205
88.618311    124.525183
133.025005    99.386804
108.335925    128.568200
34.056344    102.154398
110.430669    130.951527
81.573030    89.273314
35.598525    108.742644
54.770538    104.155743
88.461301    109.591639
90.312865    123.766247
108.615400    128.391294
34.007993    103.582685
72.350230    97.446938
95.722697    93.271909
60.991479    109.609054
71.758218    102.552815
86.850664    106.894535
57.599487    123.372481
77.342707    114.743687
90.284060    113.462826
