85.953439    85.794247
36.962525    104.205537
85.384177    105.292064
71.608070    100.726958
42.323292    108.290112
42.227220    108.418169
100.344880    113.491579
85.841423    85.834160
82.973551    99.902021
103.344568    102.094152
88.639711    66.814892
42.795717    108.238340
103.539048    102.163927
78.130239    117.541589
109.527876    97.551189
84.791538    78.311291
63.453079    94.063817
59.664337    94.059669
85.189442    105.438731
85.845923    85.569288
88.236560    66.612989
108.884232    72.499866
42.790378    109.089808
72.305424    100.720028
77.224399    94.582012
104.173480    102.260207
73.082376    92.878036
86.660223    85.315513
59.219286    94.326331
82.325354    92.410329
96.624002    110.598362
121.135494    58.701887
42.213373    108.645217
125.255756    101.476016
78.250184    117.690717
100.022047    113.032287
88.086314    66.660953
73.751205    91.570859
65.964561    80.425782
34.378480    106.186415
35.870635    104.546572
86.503703    85.214635
42.613635    108.962028
117.198188    110.404845
94.474988    115.897548
121.501040    58.677401
37.683995    114.567879
88.253633    66.966849
76.937736    93.445996
63.604138    94.051785
109.897120    71.026957
60.900117    94.299854
37.736607    102.592643
59.546021    94.473185
135.375742    95.934845
79.034539    118.432198
66.474738    91.650725
85.725769    102.441087
78.372284    123.943868
111.083534    71.857887
73.152451    93.198885
84.474290    91.892369
106.910538    95.619809
71.280460    100.984214
87.099081    104.163959
111.310859    104.041730
119.296731    110.870584
78.030360    117.156567
81.035782    123.203938
122.177382    58.662599
108.347924    72.461212
57.836720    95.040704
83.789412    93.229596
105.041561    95.875131
