50.369324    78.081983
83.969424    89.198360
104.697786    91.592765
78.458696    90.137766
90.210432    90.395097
115.869416    85.759229
73.542258    94.450432
80.515304    89.382774
81.564492    89.065828
83.735958    87.132302
90.980147    90.432924
78.714930    90.086016
81.520002    88.147771
104.205779    71.999808
110.427950    71.622615
47.263772    77.288431
83.918024    89.083038
104.924493    91.731490
68.087484    92.753416
79.004509    90.044338
80.121124    88.330234
86.767709    89.677254
106.613629    92.633274
65.785575    92.245556
51.922421    78.357754
99.504757    82.479816
83.664956    87.185837
98.565321    93.668181
106.419876    100.092897
62.350248    105.854660
102.242676    109.988891
80.318348    88.057138
90.898389    90.391477
115.261104    85.369286
68.552028    98.685488
81.407031    88.442339
115.663020    81.681401
66.527928    92.003806
108.855724    71.686668
77.021246    85.833771
65.686903    92.795336
47.812239    77.593502
104.320334    71.927975
77.658495    86.092144
115.319009    85.104633
81.668677    87.981938
77.111576    85.886030
115.406030    85.213309
51.460544    97.633307
56.023911    79.293781
83.698471    87.166560
109.026005    71.833408
56.352130    94.874102
115.247838    85.344615
60.862392    94.725959
77.490230    86.112730
76.756068    90.720815
50.991882    98.285666
77.802808    93.631780
115.982212    71.058201
107.964188    109.556440
77.771883    90.410906
81.109479    88.363242
90.836823    93.427460
69.690632    101.955874
81.908280    95.184791
104.593855    71.934925
113.748444    85.366941
81.480828    89.582984
77.385578    86.045720
60.326993    94.860812
55.850213    78.832096
77.548460    86.073833
75.331911    99.234334
50.943598    98.337343
91.080694    93.496797
82.144777    91.379249
70.621459    104.411342
79.159826    95.874171
83.672932    87.176677
115.179042    85.389657
60.338103    94.804388
76.784652    90.749719
81.406668    87.481045
81.431980    87.703200
