79.479500    80.464464
77.883838    84.837155
83.041580    66.369671
53.640941    71.692078
90.420733    63.899817
91.199910    65.462496
64.325896    65.818218
86.599059    66.009486
72.367152    77.445785
88.811327    67.367271
52.264628    75.774245
93.223208    65.077245
62.177841    63.217526
57.742992    66.136611
87.370518    68.057894
58.898606    99.590650
56.691394    97.133172
99.818869    84.003846
77.632334    81.441734
88.411590    64.144124
93.360863    67.622653
55.641763    69.125343
94.233042    66.194395
92.463601    66.579983
69.428644    64.384630
57.955031    66.084218
70.214402    78.903292
80.517738    77.815302
72.704522    78.260620
87.801096    67.724989
52.074468    76.047508
94.192731    67.290205
86.697245    59.781669
70.706275    58.774080
57.444973    66.223114
69.273692    78.964400
77.850673    80.377545
61.168107    101.450355
91.159877    82.677822
56.442089    93.588032
91.920233    83.003839
55.906651    88.698520
86.863953    67.483533
79.046848    69.087954
69.107714    68.553955
76.716253    82.668300
77.483265    79.568709
77.290014    82.444790
55.324818    96.705832
72.824655    86.719367
77.808583    80.457994
76.366752    82.008844
95.923600    94.287738
69.986797    91.977609
88.771180    104.062235
108.809035    67.988210
78.153199    79.989950
76.975661    82.189490
72.785719    86.453567
74.929236    80.061190
97.799138    95.078234
67.911780    92.545139
76.787145    81.655300
78.518495    80.402128
72.104331    81.660247
108.039548    71.581856
76.722816    82.687504
77.910497    80.575005
99.124046    93.944380
92.200444    102.208380
77.450599    79.554479
75.842645    81.695433
73.129863    85.233294
75.533394    83.956776
75.402632    79.521239
79.303866    84.535160
62.580281    103.376709
82.333658    97.324141
86.450460    99.651411
78.468577    80.452985
77.728954    79.697497
77.883879    82.389296
78.024622    80.253419
76.550354    82.539477
76.198589    81.891352
95.238829    90.611582
54.944769    101.096368
83.246256    96.240127
95.397339    102.170584
78.151142    79.965401
76.939538    82.177946
71.189905    86.225123
77.326227    80.802294
75.128898    79.896133
77.679157    82.893687
99.074822    92.179010
66.854064    93.600385
60.078298    81.254562
76.484238    81.942860
72.198929    81.679798
76.711841    82.701680
73.516363    93.582157
89.596270    103.223497
109.292604    67.786280
76.854083    79.674303
77.984843    82.415188
69.774097    87.413324
77.969739    80.519498
75.565388    79.472438
79.633238    84.815647
95.421846    93.160887
70.058958    92.016155
74.818563    82.971124
61.031963    81.059021
74.129062    82.791266
78.389346    80.494167
76.716253    82.668300
77.483265    79.568709
77.290014    82.444790
55.324818    96.705832
72.824655    86.719367
77.808583    80.457994
76.366752    82.008844
95.923600    94.287738
69.986797    91.977609
88.771180    104.062235
108.809035    67.988210
78.153199    79.989950
76.975661    82.189490
72.785719    86.453567
74.929236    80.061190
97.799138    95.078234
67.911780    92.545139
76.787145    81.655300
78.518495    80.402128
72.104331    81.660247
108.039548    71.581856
76.722816    82.687504
77.910497    80.575005
99.124046    93.944380
92.200444    102.208380
77.450599    79.554479
75.842645    81.695433
73.129863    85.233294
75.533394    83.956776
75.402632    79.521239
79.303866    84.535160
62.580281    103.376709
82.333658    97.324141
86.450460    99.651411
78.468577    80.452985
77.728954    79.697497
77.883879    82.389296
78.024622    80.253419
76.550354    82.539477
76.198589    81.891352
95.238829    90.611582
54.944769    101.096368
83.246256    96.240127
95.397339    102.170584
78.151142    79.965401
76.939538    82.177946
71.189905    86.225123
77.326227    80.802294
75.128898    79.896133
77.679157    82.893687
99.074822    92.179010
66.854064    93.600385
60.078298    81.254562
76.484238    81.942860
72.198929    81.679798
76.711841    82.701680
73.516363    93.582157
89.596270    103.223497
109.292604    67.786280
76.854083    79.674303
77.984843    82.415188
69.774097    87.413324
77.969739    80.519498
75.565388    79.472438
79.633238    84.815647
95.421846    93.160887
70.058958    92.016155
74.818563    82.971124
61.031963    81.059021
74.129062    82.791266
78.389346    80.494167
76.716253    82.668300
77.483265    79.568709
77.290014    82.444790
55.324818    96.705832
72.824655    86.719367
77.808583    80.457994
76.366752    82.008844
95.923600    94.287738
69.986797    91.977609
88.771180    104.062235
108.809035    67.988210
78.153199    79.989950
76.975661    82.189490
72.785719    86.453567
74.929236    80.061190
97.799138    95.078234
67.911780    92.545139
76.787145    81.655300
78.518495    80.402128
72.104331    81.660247
108.039548    71.581856
76.722816    82.687504
77.910497    80.575005
99.124046    93.944380
92.200444    102.208380
77.450599    79.554479
75.842645    81.695433
73.129863    85.233294
75.533394    83.956776
75.402632    79.521239
79.303866    84.535160
62.580281    103.376709
82.333658    97.324141
86.450460    99.651411
78.468577    80.452985
77.728954    79.697497
77.883879    82.389296
78.024622    80.253419
76.550354    82.539477
76.198589    81.891352
95.238829    90.611582
54.944769    101.096368
83.246256    96.240127
95.397339    102.170584
78.151142    79.965401
76.939538    82.177946
71.189905    86.225123
77.326227    80.802294
75.128898    79.896133
77.679157    82.893687
99.074822    92.179010
66.854064    93.600385
60.078298    81.254562
76.484238    81.942860
72.198929    81.679798
76.711841    82.701680
73.516363    93.582157
89.596270    103.223497
109.292604    67.786280
76.854083    79.674303
77.984843    82.415188
69.774097    87.413324
77.969739    80.519498
75.565388    79.472438
79.633238    84.815647
95.421846    93.160887
70.058958    92.016155
74.818563    82.971124
61.031963    81.059021
74.129062    82.791266
78.389346    80.494167
