101.812936    97.899399
110.349446    105.787695
65.591232    70.880448
65.332141    73.653691
65.886797    64.356389
100.326291    104.144845
86.692884    96.908652
98.396234    90.705189
86.146461    96.873657
81.219642    105.714440
87.548553    96.312143
65.947225    78.319398
102.396108    77.550924
63.308598    74.479671
115.202057    93.949012
65.929860    76.257589
104.262017    74.357612
121.092658    85.527054
103.515154    78.493160
100.161708    85.353074
64.778567    71.990961
101.385069    78.254585
86.037953    92.234556
97.436967    94.655710
103.446774    77.057467
95.331246    90.619614
86.802011    80.175376
104.708886    73.068775
66.388010    63.921553
97.042355    75.514818
89.303381    114.877227
66.092362    65.747955
82.539871    101.228093
87.341200    96.823862
74.419076    84.053878
83.205508    85.483146
98.186270    84.986864
98.070586    89.154646
80.778978    91.371054
100.588686    117.947949
113.332748    108.262712
96.489584    76.907354
87.040750    115.831780
96.833722    77.372829
99.210178    102.261103
86.517893    81.179368
97.632803    90.197975
65.567081    67.651934
83.261580    84.668937
81.120873    104.947830
81.676061    101.662249
104.595635    72.510334
78.253153    91.728648
85.449088    90.818175
89.059705    91.076586
110.853313    106.784160
97.500144    72.411151
98.764375    90.155851
74.729302    93.543632
85.100845    91.605565
86.931682    90.902833
97.406463    92.264173
95.967230    75.174658
109.763854    83.861982
104.197565    71.879234
104.227685    70.926058
49.025464    55.979225
49.923975    53.547319
48.807475    56.837983
109.658234    85.212447
110.030111    84.124523
51.309546    50.020074
110.312779    84.182211
75.282701    108.925149
109.928230    85.412040
76.466210    98.838150
108.771067    94.389849
87.226960    103.492203
85.438084    103.948295
77.652664    81.114273
108.173823    86.524693
103.430905    75.083166
111.003484    62.409801
71.912953    113.147221
107.610284    93.937832
120.157580    108.410199
107.533445    95.530810
126.861119    89.486007
88.204916    103.150977
52.838312    47.660910
113.518112    57.813411
134.383465    77.001700
110.349727    62.671704
113.201619    63.710673
103.609410    66.967190
108.322560    94.689812
111.707039    74.546305
113.410664    61.436921
77.955778    95.822417
107.149545    98.536388
52.444963    58.892405
113.451829    56.160157
103.692354    56.832633
51.201768    47.720801
129.407575    90.054921
87.612965    124.445707
104.636526    97.632433
88.452740    103.125012
84.539592    59.932233
47.215095    58.893696
113.112237    56.703291
123.858988    111.486991
103.645919    59.145045
107.926698    106.793424
105.189294    126.688370
104.198258    59.843406
67.342666    87.871771
128.568411    89.921447
128.799302    89.202795
89.814643    51.768472
113.555820    57.125085
48.213228    66.116071
73.702502    81.690646
74.822389    94.599152
73.714723    108.485464
117.790088    108.700572
73.810860    109.774025
52.130442    53.184157
85.355104    60.106342
112.981194    51.890126
50.071302    60.899569
109.763854    83.861982
104.197565    71.879234
104.227685    70.926058
49.025464    55.979225
49.923975    53.547319
48.807475    56.837983
109.658234    85.212447
110.030111    84.124523
51.309546    50.020074
110.312779    84.182211
75.282701    108.925149
109.928230    85.412040
76.466210    98.838150
108.771067    94.389849
87.226960    103.492203
85.438084    103.948295
77.652664    81.114273
108.173823    86.524693
103.430905    75.083166
111.003484    62.409801
71.912953    113.147221
107.610284    93.937832
120.157580    108.410199
107.533445    95.530810
126.861119    89.486007
88.204916    103.150977
52.838312    47.660910
113.518112    57.813411
134.383465    77.001700
110.349727    62.671704
113.201619    63.710673
103.609410    66.967190
108.322560    94.689812
111.707039    74.546305
113.410664    61.436921
77.955778    95.822417
107.149545    98.536388
52.444963    58.892405
113.451829    56.160157
103.692354    56.832633
51.201768    47.720801
129.407575    90.054921
87.612965    124.445707
104.636526    97.632433
88.452740    103.125012
84.539592    59.932233
47.215095    58.893696
113.112237    56.703291
123.858988    111.486991
103.645919    59.145045
107.926698    106.793424
105.189294    126.688370
104.198258    59.843406
67.342666    87.871771
128.568411    89.921447
128.799302    89.202795
89.814643    51.768472
113.555820    57.125085
48.213228    66.116071
73.702502    81.690646
74.822389    94.599152
73.714723    108.485464
117.790088    108.700572
73.810860    109.774025
52.130442    53.184157
85.355104    60.106342
112.981194    51.890126
50.071302    60.899569
