86.225359    90.357383
113.988314    111.766095
102.752831    105.820461
113.847058    111.715258
99.331038    103.673426
113.102041    100.159369
91.193400    86.279552
93.917239    99.542499
82.151604    77.508890
94.636535    100.132367
68.469524    89.207408
86.140312    90.596805
63.809298    89.171188
93.941598    99.731228
95.707830    95.587668
81.073441    75.004442
86.156823    90.607244
97.098268    109.816578
80.186755    73.786198
84.886190    80.024431
64.711376    88.833156
62.009828    91.174083
84.784251    86.761949
85.897766    90.286675
85.011051    90.482517
80.240534    83.053611
115.300901    113.707337
84.757875    89.388220
123.009969    99.810923
79.005276    56.362423
126.029135    99.969238
117.213953    114.451064
115.467174    113.801786
84.971852    89.141648
122.198573    116.067252
82.115590    57.669366
79.082472    59.107584
77.904199    54.882213
103.731818    108.467781
98.586039    71.548714
100.420009    106.383967
115.295477    113.553633
80.226828    58.931878
92.104425    102.181879
82.586800    82.292085
100.895657    106.825243
71.508342    55.443174
105.104191    97.463156
78.623803    59.976916
79.743725    81.081135
82.726718    80.175082
100.666924    118.421091
82.732225    80.984081
117.500283    114.181190
75.625233    69.707550
48.886122    73.647802
47.263558    64.284963
37.874136    72.773285
38.767808    82.787765
75.965696    70.876303
73.293570    83.532665
39.684195    86.800983
80.240534    83.053611
115.300901    113.707337
84.757875    89.388220
123.009969    99.810923
79.005276    56.362423
126.029135    99.969238
117.213953    114.451064
115.467174    113.801786
84.971852    89.141648
122.198573    116.067252
82.115590    57.669366
79.082472    59.107584
77.904199    54.882213
103.731818    108.467781
98.586039    71.548714
100.420009    106.383967
115.295477    113.553633
80.226828    58.931878
92.104425    102.181879
82.586800    82.292085
100.895657    106.825243
71.508342    55.443174
105.104191    97.463156
78.623803    59.976916
79.743725    81.081135
82.726718    80.175082
100.666924    118.421091
82.732225    80.984081
117.500283    114.181190
75.625233    69.707550
48.886122    73.647802
47.263558    64.284963
37.874136    72.773285
38.767808    82.787765
75.965696    70.876303
73.293570    83.532665
39.684195    86.800983
