64.905476    92.136254
78.104965    80.789131
73.631487    88.379374
80.340927    78.366476
69.101922    76.482591
64.252439    95.642790
79.978508    79.399690
79.801890    75.191247
74.461140    72.226552
82.010104    72.623263
78.030518    72.923737
82.742966    92.984285
70.499028    86.299070
78.323596    88.478940
76.279590    82.544019
58.098973    81.739235
96.759989    74.217893
66.560609    85.015837
80.848935    77.248186
63.807808    93.531929
74.856281    74.510058
79.438693    75.862945
84.718172    79.856602
72.686580    72.125649
54.983057    99.868842
71.944378    89.952370
67.976774    98.331877
78.627619    82.792711
72.172102    89.095828
77.870285    81.549697
76.950884    82.172532
76.611100    81.955198
75.514901    85.992458
78.316001    78.461282
77.535470    84.196647
97.911796    92.479995
78.905815    82.916601
70.722745    88.180265
75.712020    83.485350
77.147524    78.418870
80.261902    83.305260
98.117622    95.333611
68.205155    98.138029
73.971104    83.448329
77.705073    81.661187
79.215227    80.776539
73.232334    82.380271
86.337798    77.908245
75.966931    83.006832
84.152353    92.920667
77.216142    78.411390
73.517630    83.117495
83.669723    89.403189
86.979276    94.555834
73.352339    82.772780
81.424085    86.179821
88.878664    95.856196
77.685273    81.680835
54.840238    100.920014
86.530790    102.706214
78.471640    82.728494
85.388098    92.120365
81.847202    80.043605
79.720510    83.127266
75.427128    84.163305
75.426153    79.655324
78.232370    83.190378
101.080616    94.084902
75.688554    85.667493
77.799983    84.768614
75.731310    78.614322
62.987471    97.419869
87.641843    104.715528
73.457813    82.434390
74.700816    82.839198
54.983057    99.868842
71.944378    89.952370
67.976774    98.331877
78.627619    82.792711
72.172102    89.095828
77.870285    81.549697
76.950884    82.172532
76.611100    81.955198
75.514901    85.992458
78.316001    78.461282
77.535470    84.196647
97.911796    92.479995
78.905815    82.916601
70.722745    88.180265
75.712020    83.485350
77.147524    78.418870
80.261902    83.305260
98.117622    95.333611
68.205155    98.138029
73.971104    83.448329
77.705073    81.661187
79.215227    80.776539
73.232334    82.380271
86.337798    77.908245
75.966931    83.006832
84.152353    92.920667
77.216142    78.411390
73.517630    83.117495
83.669723    89.403189
86.979276    94.555834
73.352339    82.772780
81.424085    86.179821
88.878664    95.856196
77.685273    81.680835
54.840238    100.920014
86.530790    102.706214
78.471640    82.728494
85.388098    92.120365
81.847202    80.043605
79.720510    83.127266
75.427128    84.163305
75.426153    79.655324
78.232370    83.190378
101.080616    94.084902
75.688554    85.667493
77.799983    84.768614
75.731310    78.614322
62.987471    97.419869
87.641843    104.715528
73.457813    82.434390
74.700816    82.839198
54.983057    99.868842
71.944378    89.952370
67.976774    98.331877
78.627619    82.792711
72.172102    89.095828
77.870285    81.549697
76.950884    82.172532
76.611100    81.955198
75.514901    85.992458
78.316001    78.461282
77.535470    84.196647
97.911796    92.479995
78.905815    82.916601
70.722745    88.180265
75.712020    83.485350
77.147524    78.418870
80.261902    83.305260
98.117622    95.333611
68.205155    98.138029
73.971104    83.448329
77.705073    81.661187
79.215227    80.776539
73.232334    82.380271
86.337798    77.908245
75.966931    83.006832
84.152353    92.920667
77.216142    78.411390
73.517630    83.117495
83.669723    89.403189
86.979276    94.555834
73.352339    82.772780
81.424085    86.179821
88.878664    95.856196
77.685273    81.680835
54.840238    100.920014
86.530790    102.706214
78.471640    82.728494
85.388098    92.120365
81.847202    80.043605
79.720510    83.127266
75.427128    84.163305
75.426153    79.655324
78.232370    83.190378
101.080616    94.084902
75.688554    85.667493
77.799983    84.768614
75.731310    78.614322
62.987471    97.419869
87.641843    104.715528
73.457813    82.434390
74.700816    82.839198
