77.418805    82.874849
79.567701    73.767244
69.672673    78.544674
64.270288    91.468058
78.426101    79.717981
82.936645    74.107646
70.987363    74.189762
74.517303    85.712209
82.411128    74.340818
68.816136    79.654523
80.342680    78.108510
70.922582    74.236226
73.032704    78.678984
74.255417    85.380604
75.391077    87.633785
70.435237    88.271315
70.965337    86.400416
83.136346    82.168710
97.643088    74.817283
80.472598    89.572021
83.932867    74.996409
68.999986    77.031643
83.510040    74.590484
73.223204    73.261780
73.195227    78.808398
91.012181    89.266451
64.696050    94.006220
72.889749    90.931916
98.667832    73.372992
81.983980    74.374725
69.549049    79.971148
79.807200    79.268235
79.641758    75.178796
74.254563    72.729907
70.175007    76.256710
91.012502    88.271570
62.393583    95.569546
71.045553    89.176346
71.754155    81.932519
68.104305    86.713928
72.689448    81.875528
67.389793    84.658036
81.698318    74.165713
77.992277    74.665606
80.158502    90.755071
80.990590    90.021255
100.923132    65.470160
71.692990    85.618618
67.240636    83.528146
77.452278    85.754637
77.533542    81.597867
56.472858    81.111917
77.029200    82.559428
77.842636    79.080088
77.946850    82.704311
55.297045    98.414644
72.488314    88.242164
78.342703    80.134892
76.833888    82.188362
97.327654    95.124616
69.021853    94.985986
72.934028    97.985417
78.672800    79.558197
77.610062    82.392455
72.488809    87.835682
99.300225    95.959386
67.738353    94.223616
76.668396    82.254427
78.492420    80.857645
73.365697    82.011973
107.671140    71.629331
77.033943    82.586668
78.466792    80.277626
100.612325    94.600323
77.806683    79.063263
76.277714    81.824854
72.938360    86.257028
75.651600    84.878515
75.557189    79.180153
80.318806    85.210957
61.372483    107.272392
69.448503    101.212312
78.393174    80.942742
78.151550    79.217072
78.694795    82.683829
78.600525    79.845833
77.099696    83.227048
96.895829    91.421841
54.450789    103.386070
73.004985    97.595801
84.995108    99.497367
78.678206    79.515558
77.610642    82.398064
71.006905    87.263471
100.707379    92.955815
66.388848    95.732528
60.980008    82.062143
76.355155    82.668153
73.556307    82.028634
77.088751    82.539946
72.908988    98.284237
109.104237    68.045338
77.086544    79.234497
78.855758    82.708834
78.584710    80.130475
75.717865    79.068173
80.705418    85.592118
96.845150    93.867821
69.116164    95.014931
74.612406    83.304360
62.080309    81.862964
73.931562    82.932966
78.306163    80.996393
73.393681    82.012995
73.943097    82.952305
79.510005    80.223941
73.760145    82.618785
74.210711    82.303508
86.881616    77.062247
76.607059    82.315329
71.497232    101.795363
83.925721    100.425005
82.726950    90.683638
109.675430    68.055047
74.085352    82.334049
73.502015    82.249815
77.189352    79.157946
77.029200    82.559428
77.842636    79.080088
77.946850    82.704311
55.297045    98.414644
72.488314    88.242164
78.342703    80.134892
76.833888    82.188362
97.327654    95.124616
69.021853    94.985986
72.934028    97.985417
78.672800    79.558197
77.610062    82.392455
72.488809    87.835682
99.300225    95.959386
67.738353    94.223616
76.668396    82.254427
78.492420    80.857645
73.365697    82.011973
107.671140    71.629331
77.033943    82.586668
78.466792    80.277626
100.612325    94.600323
77.806683    79.063263
76.277714    81.824854
72.938360    86.257028
75.651600    84.878515
75.557189    79.180153
80.318806    85.210957
61.372483    107.272392
69.448503    101.212312
78.393174    80.942742
78.151550    79.217072
78.694795    82.683829
78.600525    79.845833
77.099696    83.227048
96.895829    91.421841
54.450789    103.386070
73.004985    97.595801
84.995108    99.497367
78.678206    79.515558
77.610642    82.398064
71.006905    87.263471
100.707379    92.955815
66.388848    95.732528
60.980008    82.062143
76.355155    82.668153
73.556307    82.028634
77.088751    82.539946
72.908988    98.284237
109.104237    68.045338
77.086544    79.234497
78.855758    82.708834
78.584710    80.130475
75.717865    79.068173
80.705418    85.592118
96.845150    93.867821
69.116164    95.014931
74.612406    83.304360
62.080309    81.862964
73.931562    82.932966
78.306163    80.996393
73.393681    82.012995
73.943097    82.952305
79.510005    80.223941
73.760145    82.618785
74.210711    82.303508
86.881616    77.062247
76.607059    82.315329
71.497232    101.795363
83.925721    100.425005
82.726950    90.683638
109.675430    68.055047
74.085352    82.334049
73.502015    82.249815
77.189352    79.157946
77.029200    82.559428
77.842636    79.080088
77.946850    82.704311
55.297045    98.414644
72.488314    88.242164
78.342703    80.134892
76.833888    82.188362
97.327654    95.124616
69.021853    94.985986
72.934028    97.985417
78.672800    79.558197
77.610062    82.392455
72.488809    87.835682
99.300225    95.959386
67.738353    94.223616
76.668396    82.254427
78.492420    80.857645
73.365697    82.011973
107.671140    71.629331
77.033943    82.586668
78.466792    80.277626
100.612325    94.600323
77.806683    79.063263
76.277714    81.824854
72.938360    86.257028
75.651600    84.878515
75.557189    79.180153
80.318806    85.210957
61.372483    107.272392
69.448503    101.212312
78.393174    80.942742
78.151550    79.217072
78.694795    82.683829
78.600525    79.845833
77.099696    83.227048
96.895829    91.421841
54.450789    103.386070
73.004985    97.595801
84.995108    99.497367
78.678206    79.515558
77.610642    82.398064
71.006905    87.263471
100.707379    92.955815
66.388848    95.732528
60.980008    82.062143
76.355155    82.668153
73.556307    82.028634
77.088751    82.539946
72.908988    98.284237
109.104237    68.045338
77.086544    79.234497
78.855758    82.708834
78.584710    80.130475
75.717865    79.068173
80.705418    85.592118
96.845150    93.867821
69.116164    95.014931
74.612406    83.304360
62.080309    81.862964
73.931562    82.932966
78.306163    80.996393
73.393681    82.012995
73.943097    82.952305
79.510005    80.223941
73.760145    82.618785
74.210711    82.303508
86.881616    77.062247
76.607059    82.315329
71.497232    101.795363
83.925721    100.425005
82.726950    90.683638
109.675430    68.055047
74.085352    82.334049
73.502015    82.249815
77.189352    79.157946
