72.334925    104.321704
51.228799    112.224787
110.923478    113.908073
112.629154    116.626235
125.458624    57.874710
88.118179    95.164879
51.165744    112.881882
50.019783    114.139082
88.084061    95.330755
97.971353    126.609063
88.098276    95.033457
111.558813    84.698306
51.301317    112.533926
108.848616    120.507130
112.081761    115.867199
87.982465    95.210314
131.517290    57.057326
88.202242    94.935156
120.355818    60.307122
112.061378    84.462641
52.380921    114.162205
110.450361    102.237149
