59.903125    115.425800
39.135995    85.653175
71.601746    128.410395
49.833727    130.615774
39.168083    85.341130
49.491264    49.442448
72.648927    78.081907
83.098550    90.982053
60.141439    114.904658
39.098136    87.180232
48.946392    49.444007
78.216548    119.940110
39.189481    86.933447
72.798511    77.813361
70.869816    122.345418
72.959741    78.040322
61.312379    114.157804
82.754920    128.772258
34.633898    71.128976
59.101136    85.302997
82.806479    91.311185
49.008740    49.702766
97.983490    91.289763
102.430232    129.285637
49.021588    49.873666
96.631166    92.411617
73.133198    77.963954
39.177808    86.592449
35.324841    75.511552
82.888125    91.440149
84.985605    92.097402
73.068794    78.280762
39.598159    88.107648
70.493583    95.298176
40.580480    82.622784
89.242121    86.794763
69.628953    95.077351
35.222209    111.671409
67.923146    99.623060
49.256844    129.940761
