77.442616    83.106706
84.606497    89.988195
90.499748    98.562144
83.450403    90.111990
89.931642    97.872193
87.781809    95.341042
93.292458    97.589517
98.931033    101.897255
86.567130    89.770056
86.487604    89.696564
88.109366    95.855680
90.883800    98.935397
85.884053    88.900200
87.467547    94.955435
74.031320    73.341929
75.432762    80.702146
86.727705    93.760425
89.187514    91.680834
71.166133    72.972740
85.915426    92.474631
74.442727    73.441796
76.312865    94.930960
78.827569    93.524373
104.486532    113.659866
113.541360    103.154057
73.289485    72.910864
87.545333    94.884143
100.185251    104.717737
70.412777    71.462621
84.039701    90.054093
94.613187    102.159101
81.853333    90.275245
99.822157    102.387615
91.051364    99.123355
72.247581    73.027695
75.136281    79.695627
76.689028    91.049784
89.742759    92.055179
114.365708    102.710107
93.242725    101.374096
73.481090    76.684406
68.331924    76.157162
81.325083    90.657984
85.974518    88.480664
65.375748    99.055077
68.907620    76.758410
92.031716    97.455998
71.441622    80.416358
86.198324    89.156173
84.579165    92.260368
85.295539    92.065379
86.806939    89.974610
84.186390    92.428738
76.260676    81.428203
97.270655    100.686709
80.690702    84.661360
85.776267    88.589684
86.196311    92.766482
105.616638    104.169969
86.051553    88.885001
87.333087    106.884466
86.386142    89.493226
83.040050    92.982994
85.888696    88.679438
86.367200    93.109814
87.586153    90.594337
68.735908    90.073489
82.485302    90.140305
67.745144    89.479956
65.460440    70.166630
70.052645    86.911921
85.166513    92.068410
70.145784    89.225815
102.465736    71.675065
80.300260    89.613247
56.991844    52.537430
50.896189    77.869963
90.277491    93.232885
81.654349    103.199870
100.968829    106.432229
106.202185    100.265003
55.281412    62.413539
62.566771    87.468990
86.867715    92.006452
108.678336    101.210189
107.893317    112.358025
53.928104    51.349513
56.111820    62.778879
47.706804    78.710307
118.810083    104.563701
81.023919    91.089931
90.012139    92.735946
83.037265    103.802753
86.977302    105.890752
105.254903    100.674651
118.793826    105.140641
54.583778    56.675062
106.665704    116.124337
78.619622    101.847879
57.069725    52.427844
77.263102    93.890652
97.625142    98.236795
54.079010    52.587833
57.525466    52.720172
77.345901    93.988786
82.447995    103.474205
63.130121    87.263505
83.745713    90.670505
85.990484    105.090192
99.336439    98.671292
124.944710    106.388675
90.540098    122.605236
109.347553    116.987273
57.562228    52.851439
62.780994    87.335197
59.347884    100.934975
64.409497    87.748506
53.583935    53.579090
82.163610    103.243039
54.673178    88.557705
83.477274    90.931486
77.223777    94.036401
74.833381    71.993387
61.328797    67.838501
90.054377    92.912088
57.899808    53.852720
52.185849    50.006779
55.818080    64.474215
56.393337    53.157651
58.282672    67.750761
63.759413    87.443122
54.194769    57.267149
49.382509    66.965103
61.555357    87.106450
55.517645    53.160183
58.509774    88.554339
81.266127    92.257827
80.808535    102.749896
94.237801    94.857195
99.289416    111.706001
106.715413    112.373029
75.057783    71.974771
78.197264    72.814783
85.359324    91.826893
82.138510    119.308729
102.465736    71.675065
80.300260    89.613247
56.991844    52.537430
50.896189    77.869963
90.277491    93.232885
81.654349    103.199870
100.968829    106.432229
106.202185    100.265003
55.281412    62.413539
62.566771    87.468990
86.867715    92.006452
108.678336    101.210189
107.893317    112.358025
53.928104    51.349513
56.111820    62.778879
47.706804    78.710307
118.810083    104.563701
81.023919    91.089931
90.012139    92.735946
83.037265    103.802753
86.977302    105.890752
105.254903    100.674651
118.793826    105.140641
54.583778    56.675062
106.665704    116.124337
78.619622    101.847879
57.069725    52.427844
77.263102    93.890652
97.625142    98.236795
54.079010    52.587833
57.525466    52.720172
77.345901    93.988786
82.447995    103.474205
63.130121    87.263505
83.745713    90.670505
85.990484    105.090192
99.336439    98.671292
124.944710    106.388675
90.540098    122.605236
109.347553    116.987273
57.562228    52.851439
62.780994    87.335197
59.347884    100.934975
64.409497    87.748506
53.583935    53.579090
82.163610    103.243039
54.673178    88.557705
83.477274    90.931486
77.223777    94.036401
74.833381    71.993387
61.328797    67.838501
90.054377    92.912088
57.899808    53.852720
52.185849    50.006779
55.818080    64.474215
56.393337    53.157651
58.282672    67.750761
63.759413    87.443122
54.194769    57.267149
49.382509    66.965103
61.555357    87.106450
55.517645    53.160183
58.509774    88.554339
81.266127    92.257827
80.808535    102.749896
94.237801    94.857195
99.289416    111.706001
106.715413    112.373029
75.057783    71.974771
78.197264    72.814783
85.359324    91.826893
82.138510    119.308729
