89.387960    103.816319
48.054121    114.019017
45.913680    90.953203
84.354655    101.072068
62.675518    111.455637
51.507671    66.587994
93.363497    113.942825
89.279448    104.411916
51.904190    66.652570
81.958720    102.598386
45.405329    91.079154
77.120874    101.774274
78.524933    100.063955
61.101406    112.287941
73.546512    108.300785
73.947382    107.309768
80.229795    103.542433
131.619002    112.606103
52.235340    66.695293
113.717095    67.580480
84.099911    101.201378
74.035011    81.153748
86.133624    108.242483
57.388652    86.197736
72.829749    80.797778
70.191382    88.515548
73.802180    106.659720
86.186561    102.334278
127.924974    52.765113
78.031076    74.483442
57.641046    85.486319
55.091743    91.850950
125.259112    111.901182
77.508793    76.705204
73.829350    76.200280
115.303325    70.448507
76.980616    101.834752
49.467905    84.992940
