110.687828    89.041353
113.518076    52.816030
110.449150    90.230299
52.577382    79.194410
110.614869    89.873640
73.169556    71.886192
108.620371    81.048409
116.177610    77.934201
38.801868    95.518398
103.450910    73.830343
84.329694    90.138174
113.522293    52.113463
87.215499    64.334658
70.807344    101.058678
52.994248    78.849841
34.934599    97.925108
38.614010    97.049928
53.678821    78.647252
84.498592    90.706335
87.522076    64.639562
89.061109    88.764964
38.852738    95.544862
53.277400    78.356230
113.745816    51.999280
84.532937    90.655781
113.681410    51.879573
82.357004    68.665994
108.571818    70.984160
75.685654    112.766544
99.869757    102.358428
84.449867    90.984598
95.040827    97.060217
75.276761    111.023669
83.245567    109.435483
107.003154    82.318799
36.622856    102.225869
89.709749    98.322928
101.584946    90.181519
63.566246    100.456154
74.200184    96.762629
52.280398    78.740618
82.584497    68.043545
82.123883    68.569926
53.157114    79.100331
88.902544    88.908213
89.756706    90.357083
86.694492    89.786719
75.134739    112.289414
82.700561    108.831714
52.981367    78.663516
70.634154    101.027266
70.818122    101.779252
75.376269    111.816602
124.232952    65.920503
88.474543    88.625412
108.771520    94.741879
139.198907    60.955289
76.698838    91.763622
52.954480    78.695769
64.052324    100.461872
70.932943    101.991656
75.352177    112.188157
108.530093    81.170739
132.226780    71.240143
37.797983    94.535862
96.394184    88.063281
