88.527107    84.475841
83.035949    80.582395
86.855325    78.888061
82.769102    77.737245
80.629538    77.422135
79.163739    83.039976
79.491039    82.776752
77.177106    83.437942
79.224170    77.675323
98.194902    75.634155
77.890797    83.380874
82.982049    77.676618
67.603737    92.562995
80.693925    77.468905
86.492996    82.449364
90.468195    84.884701
81.664398    79.191962
84.131338    78.682513
74.915913    85.380831
78.219191    80.540829
92.712494    77.515359
74.957224    79.644229
86.026073    84.958513
78.760475    81.186419
81.910884    80.712125
85.707005    80.978976
75.770105    88.941055
84.965159    81.309143
74.327455    78.075578
79.231160    83.563628
78.777144    81.365412
80.335113    77.994868
75.759319    76.839969
76.864686    83.325369
74.723346    77.662790
75.922581    78.597433
78.337625    77.934423
76.566813    80.669851
80.938820    80.464565
91.425314    93.083041
86.608028    82.131597
77.968637    77.823062
83.624138    77.066473
83.049118    85.881745
88.810116    90.375788
78.200294    93.629541
77.066154    88.146196
80.912461    77.939651
80.223437    81.867296
88.750880    92.484716
114.986003    88.610807
105.167572    62.815774
110.530253    63.238769
61.695008    76.221539
115.167709    88.571833
48.354056    75.462847
102.605130    61.455427
103.221473    71.178945
49.361897    75.124803
101.728881    75.689771
110.651786    63.253281
61.876000    76.241862
123.351406    63.467050
82.284913    86.959638
102.418868    73.957911
117.674589    65.307574
73.761263    89.022948
92.571538    93.290337
73.825848    100.899699
91.240054    103.307568
86.612927    91.079873
61.780636    82.671346
66.862136    101.053172
91.493701    103.708247
117.122837    88.750090
83.463096    78.412744
80.163621    88.337210
82.932681    91.026869
83.468999    78.250864
61.796872    76.003296
66.055776    103.544509
72.900279    99.833669
110.591774    63.109004
108.502931    106.778706
103.117661    71.075272
61.752700    83.308450
110.689525    79.262241
66.112155    97.242636
69.012480    94.809663
108.307525    108.316560
61.878236    76.220989
65.290437    97.129318
103.730117    94.227889
58.382156    111.706229
66.652280    101.281129
90.220546    103.907973
83.518890    78.250010
117.551953    88.814069
61.855055    76.330729
110.542105    63.024179
48.180177    75.060087
64.680927    95.837116
75.254242    88.503584
91.786207    91.350672
117.311881    88.806684
114.926120    88.621980
93.131214    91.404942
48.759836    74.948497
104.357360    96.573808
117.551720    88.783749
76.761256    87.145685
83.367254    78.206078
79.100116    87.270779
82.114835    86.727403
79.560720    87.485521
123.381500    63.340209
76.744229    87.343874
115.348184    88.417631
102.198372    104.207674
57.529395    112.226643
112.172097    111.264928
65.334273    86.432766
117.510169    88.891349
55.152848    102.358500
88.354848    90.783561
96.421820    95.862570
43.423806    108.945768
109.125242    107.822250
83.349040    78.301066
114.986003    88.610807
105.167572    62.815774
110.530253    63.238769
61.695008    76.221539
115.167709    88.571833
48.354056    75.462847
102.605130    61.455427
103.221473    71.178945
49.361897    75.124803
101.728881    75.689771
110.651786    63.253281
61.876000    76.241862
123.351406    63.467050
82.284913    86.959638
102.418868    73.957911
117.674589    65.307574
73.761263    89.022948
92.571538    93.290337
73.825848    100.899699
91.240054    103.307568
86.612927    91.079873
61.780636    82.671346
66.862136    101.053172
91.493701    103.708247
117.122837    88.750090
83.463096    78.412744
80.163621    88.337210
82.932681    91.026869
83.468999    78.250864
61.796872    76.003296
66.055776    103.544509
72.900279    99.833669
110.591774    63.109004
108.502931    106.778706
103.117661    71.075272
61.752700    83.308450
110.689525    79.262241
66.112155    97.242636
69.012480    94.809663
108.307525    108.316560
61.878236    76.220989
65.290437    97.129318
103.730117    94.227889
58.382156    111.706229
66.652280    101.281129
90.220546    103.907973
83.518890    78.250010
117.551953    88.814069
61.855055    76.330729
110.542105    63.024179
48.180177    75.060087
64.680927    95.837116
75.254242    88.503584
91.786207    91.350672
117.311881    88.806684
114.926120    88.621980
93.131214    91.404942
48.759836    74.948497
104.357360    96.573808
117.551720    88.783749
76.761256    87.145685
83.367254    78.206078
79.100116    87.270779
82.114835    86.727403
79.560720    87.485521
123.381500    63.340209
76.744229    87.343874
115.348184    88.417631
102.198372    104.207674
57.529395    112.226643
112.172097    111.264928
65.334273    86.432766
117.510169    88.891349
55.152848    102.358500
88.354848    90.783561
96.421820    95.862570
43.423806    108.945768
109.125242    107.822250
83.349040    78.301066
