92.125092    68.591218
47.516393    110.392020
115.824078    73.434570
92.344554    68.896284
36.915723    83.418459
64.428073    95.303253
80.363363    95.997708
76.613303    94.255713
34.774302    104.937169
39.044547    92.338826
63.968801    95.573105
85.388407    94.088749
125.718611    61.124870
113.324414    73.919153
47.710988    110.783316
119.026178    47.595775
91.742609    68.808676
77.629820    93.127222
120.049377    47.102574
70.969072    82.550029
39.681878    108.043803
41.331830    106.448111
90.731001    87.502784
47.982253    111.006886
121.487429    113.909376
125.745299    60.948444
91.799492    69.005056
80.270888    95.036352
119.774151    47.283357
37.238023    83.481218
68.291055    95.495602
114.581515    72.671966
65.761581    95.756929
64.431373    95.898532
