115.125126    61.371718
115.136369    61.851463
108.213199    81.973842
38.184100    108.219545
37.661848    107.580258
120.230169    102.694532
37.569801    107.379478
39.155519    110.255885
120.373695    102.010463
115.999709    90.668566
122.913973    87.811063
37.278540    107.108380
39.124388    110.286498
111.140248    80.543376
108.028916    82.114326
115.072399    61.331882
36.900134    106.159846
112.348736    88.948589
39.713570    111.252916
115.361634    61.397328
113.090271    79.615797
112.117612    85.758763
