98.731590    95.435945
77.415009    70.139049
63.614698    80.111888
131.528268    101.484690
85.681168    81.597638
89.330866    73.031868
77.556238    67.563536
87.300854    93.287370
149.511964    114.844341
33.633919    144.439729
72.990570    100.297842
79.944115    96.488287
125.979428    155.242225
64.387571    75.909067
80.798353    88.340393
161.330329    91.663114
71.030507    96.173382
86.990373    75.251644
74.066501    66.313671
100.635586    100.654086
57.656580    118.529120
68.660221    112.742069
148.089834    50.981917
110.184181    79.739043
91.404246    98.167333
58.560212    94.435380
78.877017    90.698273
150.686024    147.174427
72.882880    69.315957
84.156569    89.597351
161.618716    89.995921
86.088513    80.822482
83.976358    67.709656
68.952090    70.098109
113.551834    103.498274
41.937204    131.805166
64.398622    123.235243
98.731590    95.435945
77.415009    70.139049
63.614698    80.111888
131.528268    101.484690
85.681168    81.597638
89.330866    73.031868
77.556238    67.563536
87.300854    93.287370
149.511964    114.844341
33.633919    144.439729
72.990570    100.297842
79.944115    96.488287
125.979428    155.242225
64.387571    75.909067
80.798353    88.340393
161.330329    91.663114
71.030507    96.173382
86.990373    75.251644
74.066501    66.313671
100.635586    100.654086
57.656580    118.529120
68.660221    112.742069
148.089834    50.981917
110.184181    79.739043
91.404246    98.167333
58.560212    94.435380
78.877017    90.698273
150.686024    147.174427
72.882880    69.315957
84.156569    89.597351
161.618716    89.995921
86.088513    80.822482
83.976358    67.709656
68.952090    70.098109
113.551834    103.498274
41.937204    131.805166
64.398622    123.235243
