121.722795    100.160118
117.901819    68.137831
63.542538    107.286676
79.456615    95.743151
62.946012    107.612372
117.571110    68.571524
81.400433    93.839378
64.962316    104.876610
63.439215    107.406556
136.300304    55.297658
138.391048    84.523815
78.728987    96.303196
136.319857    76.029035
35.162466    101.208961
63.418488    107.213106
64.740913    105.243588
115.943073    97.193207
126.284092    110.308410
117.446600    68.977777
125.566603    114.067519
84.100155    121.133612
126.479744    111.195658
122.528935    98.509821
85.583975    122.010364
64.174186    105.778038
49.223924    123.074364
83.990078    121.342219
108.373387    111.176850
41.618025    118.597442
40.916625    117.553445
44.379800    122.827153
85.617894    122.136023
125.706208    115.461675
132.300163    81.848121
92.988372    86.171669
111.481707    88.914771
64.420222    105.772968
120.821718    105.555276
126.488036    112.953357
49.117673    121.190225
83.875875    121.013459
103.580031    113.741704
125.200678    117.178654
130.167332    81.813808
40.737545    117.353858
108.015417    111.472396
42.412370    120.537533
85.350664    121.671575
115.597106    115.707937
92.925098    86.488041
117.270905    94.021435
63.084526    106.748293
126.318715    111.389319
