112.581670    87.107475
114.369375    57.584648
58.755141    87.386679
116.054177    95.982868
114.306712    58.156490
113.047958    86.520302
105.639954    78.702419
42.513383    105.461365
34.951068    101.047865
34.474521    100.451692
37.513198    105.115223
115.961462    96.960501
42.406750    103.898642
34.308903    100.009377
35.768082    102.818323
56.632165    88.527412
116.049617    96.415127
76.383415    80.230924
112.418746    86.552920
119.705295    83.645907
97.326425    94.658394
35.852809    102.961062
42.249740    104.186468
77.374339    104.430390
105.490361    78.840686
87.557803    96.526157
114.311757    57.445424
88.668555    73.244760
74.085345    109.896757
108.926333    84.955286
36.393376    104.064944
57.053904    88.003243
97.179813    94.189567
38.462238    106.868628
42.116608    105.563444
57.734504    87.834342
87.718141    97.075281
88.931785    73.579686
92.543933    95.144611
93.353048    96.601136
42.298681    104.137889
57.382100    87.470344
114.596860    57.681084
110.763597    76.092589
87.671746    97.173128
94.926459    106.893582
137.901406    64.906887
114.474989    57.304502
131.486558    68.098621
84.425962    77.051922
109.046527    79.502088
131.793660    68.971171
110.506647    76.123778
79.852924    123.290231
105.745884    111.265632
134.042207    65.532419
108.568253    81.758419
126.438891    98.011047
34.772860    101.643919
87.220628    97.384199
100.003814    105.221975
79.279032    121.514581
87.753381    120.023489
137.640766    73.981480
110.566219    87.980625
134.189412    90.029211
40.121904    110.887261
94.153236    106.624406
106.236205    96.702614
126.523506    99.547473
66.652215    109.038365
77.082014    104.561295
56.149202    87.979119
84.868718    76.297179
