88.842948    90.701087
82.822454    90.355184
82.789301    91.558970
83.152742    89.009441
77.190741    87.150557
95.160262    97.555357
64.195105    84.082086
95.986740    98.031869
79.582139    91.540072
89.316617    87.046494
95.295512    78.253446
89.628792    86.833595
95.613394    97.611679
67.975036    85.360222
65.062053    79.995021
53.269783    66.582861
52.828311    68.807743
52.999786    68.042814
89.168947    90.049345
68.678364    85.135731
83.979326    89.261553
92.008790    89.078077
88.162027    78.710567
116.569718    107.135781
54.090692    64.720886
71.809177    103.620368
54.869922    62.881497
90.671567    89.926276
52.641795    91.709993
74.104583    97.508930
55.185157    60.448826
97.109412    78.775340
95.600418    86.894149
99.454319    60.046986
95.777159    82.476017
100.004290    81.110748
93.946285    70.509831
76.117275    78.241496
94.075101    70.087886
100.077391    81.327790
99.688073    82.443631
101.016761    59.780043
99.870041    81.329904
68.390749    78.350140
99.083320    83.663400
58.477329    76.730249
98.760866    83.708835
100.644227    60.709852
93.915696    73.174022
49.687207    75.377173
35.718973    52.988159
36.296017    51.083114
35.431826    54.015688
100.429359    82.271194
100.844734    81.295353
71.586149    78.915700
35.500702    56.497554
41.326176    46.147864
126.961893    109.966751
37.147585    48.120095
100.759074    81.293358
56.283374    108.788793
36.275954    50.765691
47.819809    74.750512
100.486839    82.379138
57.203149    99.765686
35.292646    54.272942
97.109412    78.775340
95.600418    86.894149
99.454319    60.046986
95.777159    82.476017
100.004290    81.110748
93.946285    70.509831
76.117275    78.241496
94.075101    70.087886
100.077391    81.327790
99.688073    82.443631
101.016761    59.780043
99.870041    81.329904
68.390749    78.350140
99.083320    83.663400
58.477329    76.730249
98.760866    83.708835
100.644227    60.709852
93.915696    73.174022
49.687207    75.377173
35.718973    52.988159
36.296017    51.083114
35.431826    54.015688
100.429359    82.271194
100.844734    81.295353
71.586149    78.915700
35.500702    56.497554
41.326176    46.147864
126.961893    109.966751
37.147585    48.120095
100.759074    81.293358
56.283374    108.788793
36.275954    50.765691
47.819809    74.750512
100.486839    82.379138
57.203149    99.765686
35.292646    54.272942
