71.254684    107.988467
119.437897    110.747550
125.515449    50.571441
91.957593    93.067216
91.873896    93.256979
115.433998    78.423620
119.094287    109.764858
91.733939    93.120099
91.718879    92.962790
120.237938    53.939611
115.264809    78.548567
59.132964    115.293734
59.446389    115.293998
91.590299    93.083257
106.755997    122.367079
77.339140    103.313763
58.911325    115.553084
114.883010    78.935696
79.103454    101.644320
118.606280    93.968786
60.957817    112.835131
117.799316    108.050241
87.497603    97.299325
120.187255    53.485069
59.424305    115.449609
134.754736    65.372322
135.872099    94.302288
76.836225    103.594734
117.552797    114.171139
91.419141    92.786552
118.393718    94.031823
133.731362    86.129980
59.187934    115.389690
60.774946    113.181295
113.566583    107.058902
