100.127702    83.009277
42.467917    67.050921
80.231901    51.862579
43.185429    66.240110
86.630039    90.629646
41.938019    66.166275
74.639217    55.838867
74.779033    57.083160
64.648822    102.802327
73.532641    100.418224
42.890824    66.284377
61.659257    94.320579
64.721040    102.456227
68.479596    84.882237
42.684804    66.239846
53.827702    92.401301
61.572903    94.420355
100.967503    76.379379
67.641826    87.449345
106.685699    84.829986
65.342444    102.517189
86.874040    81.712485
94.841280    79.397263
80.014470    83.343613
73.621826    56.838310
67.963329    87.587735
57.449503    95.761825
66.668921    86.025083
132.096836    63.976103
110.088198    72.485389
73.954805    100.781958
78.141288    83.717400
74.462948    56.942490
79.123734    83.257782
73.375926    56.822672
80.396036    83.169161
79.834497    83.153907
60.420099    92.303443
55.137682    97.101253
118.048958    60.404074
55.798366    94.100019
67.690620    85.340567
46.089240    105.050781
117.923678    61.759932
61.763371    94.449615
78.270947    85.744719
60.337654    98.127702
64.741624    102.392603
81.997830    97.758920
125.907492    67.351318
89.521624    80.894318
99.607643    75.135141
42.699838    66.372753
93.107018    91.255257
92.824674    92.520844
64.296710    100.819809
114.488837    62.321551
120.650868    71.754074
74.421642    56.950246
98.412388    70.620662
42.949971    66.531186
125.352756    69.667597
