56.624814    114.063619
72.900281    98.820512
96.821170    91.412634
96.856386    71.831076
125.107564    75.562602
123.968681    75.783035
96.843640    91.250531
51.818952    109.842744
97.176682    113.303476
49.439946    111.739082
82.049316    106.057270
94.467610    99.463917
57.121529    114.281925
91.953416    126.070331
124.343097    75.662234
96.956105    91.416153
56.958213    114.282495
108.392301    70.119149
45.273705    116.143486
114.680443    121.853072
124.388508    75.544854
96.827024    91.249440
51.339313    110.120552
85.930886    97.649222
93.237388    106.585195
117.805106    109.831541
63.548918    126.604222
102.471185    128.630808
129.446945    66.548558
96.779581    72.088560
45.821545    116.049463
122.081983    118.265291
57.733417    114.222256
46.810572    87.934855
117.657735    109.868305
91.527605    125.506182
98.625512    107.797007
122.912160    104.256026
121.910360    117.973297
92.214442    82.640066
115.094701    84.212717
74.518111    98.312498
70.886537    98.295951
96.868606    113.304853
121.931229    117.988473
123.526344    74.431443
96.685634    91.022695
