41.542753    73.560634
71.991740    80.571089
86.754212    87.494700
105.869995    89.909282
69.496506    90.401134
73.539670    89.862689
92.608145    92.446777
109.870008    94.696561
57.586497    107.196127
70.715811    98.546470
80.760327    85.579114
92.784518    88.808524
114.667544    84.088751
67.426400    95.318762
72.996655    90.934783
79.423660    87.878304
96.333643    93.522642
118.886299    99.797429
64.360122    101.605120
69.319921    101.840232
109.206665    66.757370
76.600204    81.792502
85.216575    81.181526
79.166729    97.202271
107.179591    106.517350
93.418421    88.768462
114.325574    83.265999
69.918646    90.456933
76.620536    89.719427
81.839811    89.523100
99.961889    92.698381
59.061532    103.800968
68.743529    103.986054
104.441898    66.755832
115.319339    79.194322
42.526320    95.546099
112.765015    108.297371
110.781703    67.188640
38.256943    72.772072
71.097774    80.294344
102.636475    73.520820
86.577686    87.053077
105.949164    90.051057
57.462461    92.345135
70.460297    90.656707
79.816150    90.560297
92.304272    92.302923
108.789876    94.036272
64.819617    101.152320
74.600266    100.998775
105.214611    106.117277
80.924071    85.648311
89.349327    87.869971
107.635388    91.099921
63.609201    99.742270
54.309993    91.290592
36.629713    100.595395
42.501610    73.729844
100.485343    78.501427
85.078370    81.183558
70.127473    91.694189
78.840342    87.397469
100.039057    92.544937
106.976143    99.585321
57.661600    106.274164
71.664454    101.000419
79.381436    101.151442
101.762060    108.270241
79.832150    85.917689
93.179432    88.649998
114.125378    83.495558
61.955951    99.740062
74.958839    89.910940
81.917031    89.548976
89.359928    91.024838
115.603775    107.074368
78.324848    82.217700
108.871248    107.771762
78.242614    86.985382
116.399303    78.699794
55.413477    91.060308
109.249024    66.613182
70.774402    80.308254
54.568935    92.219489
50.317268    94.382831
38.727481    73.093827
41.542753    73.560634
71.991740    80.571089
86.754212    87.494700
105.869995    89.909282
69.496506    90.401134
73.539670    89.862689
92.608145    92.446777
109.870008    94.696561
57.586497    107.196127
70.715811    98.546470
80.760327    85.579114
92.784518    88.808524
114.667544    84.088751
67.426400    95.318762
72.996655    90.934783
79.423660    87.878304
96.333643    93.522642
118.886299    99.797429
64.360122    101.605120
69.319921    101.840232
109.206665    66.757370
76.600204    81.792502
85.216575    81.181526
79.166729    97.202271
107.179591    106.517350
93.418421    88.768462
114.325574    83.265999
69.918646    90.456933
76.620536    89.719427
81.839811    89.523100
99.961889    92.698381
59.061532    103.800968
68.743529    103.986054
104.441898    66.755832
115.319339    79.194322
42.526320    95.546099
112.765015    108.297371
110.781703    67.188640
38.256943    72.772072
71.097774    80.294344
102.636475    73.520820
86.577686    87.053077
105.949164    90.051057
57.462461    92.345135
70.460297    90.656707
79.816150    90.560297
92.304272    92.302923
108.789876    94.036272
64.819617    101.152320
74.600266    100.998775
105.214611    106.117277
80.924071    85.648311
89.349327    87.869971
107.635388    91.099921
63.609201    99.742270
54.309993    91.290592
36.629713    100.595395
42.501610    73.729844
100.485343    78.501427
85.078370    81.183558
70.127473    91.694189
78.840342    87.397469
100.039057    92.544937
106.976143    99.585321
57.661600    106.274164
71.664454    101.000419
79.381436    101.151442
101.762060    108.270241
79.832150    85.917689
93.179432    88.649998
114.125378    83.495558
61.955951    99.740062
74.958839    89.910940
81.917031    89.548976
89.359928    91.024838
115.603775    107.074368
78.324848    82.217700
108.871248    107.771762
78.242614    86.985382
116.399303    78.699794
55.413477    91.060308
109.249024    66.613182
70.774402    80.308254
54.568935    92.219489
50.317268    94.382831
38.727481    73.093827
