99.232612    83.201113
79.864479    51.648363
73.972952    55.370160
73.966264    56.430343
63.391639    102.536303
72.428250    100.193902
41.857972    65.499731
63.464742    102.193118
41.731629    65.514175
99.964353    76.322217
72.664726    56.075396
131.337114    64.402495
108.883068    72.435627
73.640063    56.316799
72.532649    56.175005
117.276127    60.621194
117.063906    61.881640
58.981008    97.821733
63.425755    102.120456
81.000401    97.486424
124.969081    67.522750
98.668018    75.057989
41.649112    65.553936
62.960202    100.515699
113.570280    62.427856
119.434670    71.779691
73.575098    56.224489
41.861414    65.657981
124.472284    70.017077
73.012354    56.311211
96.696310    69.689302
73.924023    55.800854
124.881315    68.282125
133.290760    58.668926
79.705970    83.280540
108.670055    88.636680
134.953867    62.936083
80.890419    82.101671
89.008450    80.998640
