119.457262    96.686810
117.066708    65.033578
78.270959    91.828855
116.615133    65.366024
80.346012    90.300520
77.317842    91.812879
135.444720    74.133352
113.869509    93.708104
124.113465    107.263225
116.550214    65.876461
123.886935    107.388926
120.053894    95.481394
82.970483    115.429754
110.144287    85.295797
62.701098    99.734504
46.887944    115.808664
81.468697    114.705114
105.176220    106.383602
40.165521    112.811356
39.497581    111.795775
42.781518    116.979731
83.194827    115.904851
123.683873    112.710525
108.766267    84.272929
63.139891    100.129234
118.186102    101.709632
123.628137    109.032615
47.461232    115.395805
81.564826    114.734285
100.631212    108.681062
122.894075    113.981991
39.839443    112.549251
105.640572    107.253720
41.073538    114.797081
83.651572    116.396957
113.045303    111.672053
62.183795    101.665318
123.453683    107.465047
80.280160    90.517753
33.980318    95.554645
128.600447    54.221887
119.272985    95.744650
125.931257    92.773508
39.541914    112.165604
105.197639    106.475447
41.110682    114.987809
47.423577    116.123196
82.589319    118.496161
109.141002    122.256158
134.500411    72.875929
91.606389    82.184497
113.039285    83.563829
109.896709    85.054753
