47.329658    96.235346
77.720231    88.453770
77.876680    88.425798
42.858909    90.398466
61.189068    63.821493
104.657202    107.803822
78.054081    88.675539
78.059691    88.556169
38.392455    109.546587
61.282093    64.251081
36.306103    116.732848
40.345819    91.866931
71.392346    122.966006
72.549918    122.833544
52.694431    54.723281
52.256717    77.118995
117.795123    72.156654
55.991710    66.811590
99.007915    97.997695
91.845991    96.917886
73.926527    110.674595
117.937224    72.122518
84.556557    101.126226
97.145153    93.780445
67.110612    123.731463
41.424246    82.719995
65.176025    90.711362
78.422687    88.706407
37.805421    109.289730
55.556594    95.939699
59.511557    111.570815
118.681435    71.692023
98.979732    98.195250
61.090020    64.527351
78.268523    88.752479
69.470355    105.486511
56.218796    66.536560
72.750893    122.715871
66.824338    99.192400
42.892209    90.487519
59.954396    84.838751
