69.557961    75.486809
97.285688    69.994965
70.813946    75.383255
91.340870    95.306213
91.313584    95.362380
52.173899    91.919549
55.029092    93.861950
50.793029    108.046578
63.557780    103.616063
73.155069    65.910511
90.282253    89.036840
73.326625    65.957231
72.811992    55.763900
69.297783    74.976842
56.132185    82.764011
90.136944    89.941589
90.453698    89.111440
70.399058    71.914942
44.945440    87.455660
70.439458    74.887857
45.586534    92.467251
103.305929    96.483840
66.163376    104.047065
77.972279    57.966936
69.938996    72.019730
83.787207    89.404361
51.921557    91.596505
71.623996    102.566293
54.519574    92.954100
71.466680    103.483168
74.140234    72.477424
46.097285    91.634979
82.294534    96.675983
69.465856    75.386767
102.438066    94.070611
74.767128    102.133749
113.356112    59.270645
56.527385    83.039204
86.322401    93.937707
103.913718    98.746447
66.161311    104.079010
68.426386    102.979114
46.083913    66.910179
128.403259    94.979312
95.994427    101.283591
109.781160    122.601656
43.500264    83.681037
35.435200    84.379199
33.219740    111.774518
79.115314    98.111467
91.107362    95.872086
128.705069    94.651176
46.461701    66.627979
109.905615    122.673885
84.037353    95.408446
60.243508    106.493155
