100.470274    93.396962
79.506082    68.725145
65.244350    79.099336
131.566075    101.022354
85.590010    82.041121
89.592776    73.362079
79.540102    66.534676
88.331616    92.784370
149.643118    114.276888
35.329333    146.080561
73.885298    101.452933
81.518174    97.683447
126.856917    153.894418
66.714401    74.206463
81.534044    87.646886
161.020804    91.296557
71.273344    97.471987
87.193253    75.953218
76.109267    65.703366
101.384597    100.169046
58.418905    120.352602
69.789912    113.954629
100.470274    93.396962
79.506082    68.725145
65.244350    79.099336
131.566075    101.022354
85.590010    82.041121
89.592776    73.362079
79.540102    66.534676
88.331616    92.784370
149.643118    114.276888
35.329333    146.080561
73.885298    101.452933
81.518174    97.683447
126.856917    153.894418
66.714401    74.206463
81.534044    87.646886
161.020804    91.296557
71.273344    97.471987
87.193253    75.953218
76.109267    65.703366
101.384597    100.169046
58.418905    120.352602
69.789912    113.954629
100.470274    93.396962
79.506082    68.725145
65.244350    79.099336
131.566075    101.022354
85.590010    82.041121
89.592776    73.362079
79.540102    66.534676
88.331616    92.784370
149.643118    114.276888
35.329333    146.080561
73.885298    101.452933
81.518174    97.683447
126.856917    153.894418
66.714401    74.206463
81.534044    87.646886
161.020804    91.296557
71.273344    97.471987
87.193253    75.953218
76.109267    65.703366
101.384597    100.169046
58.418905    120.352602
69.789912    113.954629
100.470274    93.396962
79.506082    68.725145
65.244350    79.099336
131.566075    101.022354
85.590010    82.041121
89.592776    73.362079
79.540102    66.534676
88.331616    92.784370
149.643118    114.276888
35.329333    146.080561
73.885298    101.452933
81.518174    97.683447
126.856917    153.894418
66.714401    74.206463
81.534044    87.646886
161.020804    91.296557
71.273344    97.471987
87.193253    75.953218
76.109267    65.703366
101.384597    100.169046
58.418905    120.352602
69.789912    113.954629
100.470274    93.396962
79.506082    68.725145
65.244350    79.099336
131.566075    101.022354
85.590010    82.041121
89.592776    73.362079
79.540102    66.534676
88.331616    92.784370
149.643118    114.276888
35.329333    146.080561
73.885298    101.452933
81.518174    97.683447
126.856917    153.894418
66.714401    74.206463
81.534044    87.646886
161.020804    91.296557
71.273344    97.471987
87.193253    75.953218
76.109267    65.703366
101.384597    100.169046
58.418905    120.352602
69.789912    113.954629
100.470274    93.396962
79.506082    68.725145
65.244350    79.099336
131.566075    101.022354
85.590010    82.041121
89.592776    73.362079
79.540102    66.534676
88.331616    92.784370
149.643118    114.276888
35.329333    146.080561
73.885298    101.452933
81.518174    97.683447
126.856917    153.894418
66.714401    74.206463
81.534044    87.646886
161.020804    91.296557
71.273344    97.471987
87.193253    75.953218
76.109267    65.703366
101.384597    100.169046
58.418905    120.352602
69.789912    113.954629
100.470274    93.396962
79.506082    68.725145
65.244350    79.099336
131.566075    101.022354
85.590010    82.041121
89.592776    73.362079
79.540102    66.534676
88.331616    92.784370
149.643118    114.276888
35.329333    146.080561
73.885298    101.452933
81.518174    97.683447
126.856917    153.894418
66.714401    74.206463
81.534044    87.646886
161.020804    91.296557
71.273344    97.471987
87.193253    75.953218
76.109267    65.703366
101.384597    100.169046
58.418905    120.352602
69.789912    113.954629
100.470274    93.396962
79.506082    68.725145
65.244350    79.099336
131.566075    101.022354
85.590010    82.041121
89.592776    73.362079
79.540102    66.534676
88.331616    92.784370
149.643118    114.276888
35.329333    146.080561
73.885298    101.452933
81.518174    97.683447
126.856917    153.894418
66.714401    74.206463
81.534044    87.646886
161.020804    91.296557
71.273344    97.471987
87.193253    75.953218
76.109267    65.703366
101.384597    100.169046
58.418905    120.352602
69.789912    113.954629
100.470274    93.396962
79.506082    68.725145
65.244350    79.099336
131.566075    101.022354
85.590010    82.041121
89.592776    73.362079
79.540102    66.534676
88.331616    92.784370
149.643118    114.276888
35.329333    146.080561
73.885298    101.452933
81.518174    97.683447
126.856917    153.894418
66.714401    74.206463
81.534044    87.646886
161.020804    91.296557
71.273344    97.471987
87.193253    75.953218
76.109267    65.703366
101.384597    100.169046
58.418905    120.352602
69.789912    113.954629
100.470274    93.396962
79.506082    68.725145
65.244350    79.099336
131.566075    101.022354
85.590010    82.041121
89.592776    73.362079
79.540102    66.534676
88.331616    92.784370
149.643118    114.276888
35.329333    146.080561
73.885298    101.452933
81.518174    97.683447
126.856917    153.894418
66.714401    74.206463
81.534044    87.646886
161.020804    91.296557
71.273344    97.471987
87.193253    75.953218
76.109267    65.703366
101.384597    100.169046
58.418905    120.352602
69.789912    113.954629
100.470274    93.396962
79.506082    68.725145
65.244350    79.099336
131.566075    101.022354
85.590010    82.041121
89.592776    73.362079
79.540102    66.534676
88.331616    92.784370
149.643118    114.276888
35.329333    146.080561
73.885298    101.452933
81.518174    97.683447
126.856917    153.894418
66.714401    74.206463
81.534044    87.646886
161.020804    91.296557
71.273344    97.471987
87.193253    75.953218
76.109267    65.703366
101.384597    100.169046
58.418905    120.352602
69.789912    113.954629
100.470274    93.396962
79.506082    68.725145
65.244350    79.099336
131.566075    101.022354
85.590010    82.041121
89.592776    73.362079
79.540102    66.534676
88.331616    92.784370
149.643118    114.276888
35.329333    146.080561
73.885298    101.452933
81.518174    97.683447
126.856917    153.894418
66.714401    74.206463
81.534044    87.646886
161.020804    91.296557
71.273344    97.471987
87.193253    75.953218
76.109267    65.703366
101.384597    100.169046
58.418905    120.352602
69.789912    113.954629
100.470274    93.396962
79.506082    68.725145
65.244350    79.099336
131.566075    101.022354
85.590010    82.041121
89.592776    73.362079
79.540102    66.534676
88.331616    92.784370
149.643118    114.276888
35.329333    146.080561
73.885298    101.452933
81.518174    97.683447
126.856917    153.894418
66.714401    74.206463
81.534044    87.646886
161.020804    91.296557
71.273344    97.471987
87.193253    75.953218
76.109267    65.703366
101.384597    100.169046
58.418905    120.352602
69.789912    113.954629
100.470274    93.396962
79.506082    68.725145
65.244350    79.099336
131.566075    101.022354
85.590010    82.041121
89.592776    73.362079
79.540102    66.534676
88.331616    92.784370
149.643118    114.276888
35.329333    146.080561
73.885298    101.452933
81.518174    97.683447
126.856917    153.894418
66.714401    74.206463
81.534044    87.646886
161.020804    91.296557
71.273344    97.471987
87.193253    75.953218
76.109267    65.703366
101.384597    100.169046
58.418905    120.352602
69.789912    113.954629
100.470274    93.396962
79.506082    68.725145
65.244350    79.099336
131.566075    101.022354
85.590010    82.041121
89.592776    73.362079
79.540102    66.534676
88.331616    92.784370
149.643118    114.276888
35.329333    146.080561
73.885298    101.452933
81.518174    97.683447
126.856917    153.894418
66.714401    74.206463
81.534044    87.646886
161.020804    91.296557
71.273344    97.471987
87.193253    75.953218
76.109267    65.703366
101.384597    100.169046
58.418905    120.352602
69.789912    113.954629
100.470274    93.396962
79.506082    68.725145
65.244350    79.099336
131.566075    101.022354
85.590010    82.041121
89.592776    73.362079
79.540102    66.534676
88.331616    92.784370
149.643118    114.276888
35.329333    146.080561
73.885298    101.452933
81.518174    97.683447
126.856917    153.894418
66.714401    74.206463
81.534044    87.646886
161.020804    91.296557
71.273344    97.471987
87.193253    75.953218
76.109267    65.703366
101.384597    100.169046
58.418905    120.352602
69.789912    113.954629
100.470274    93.396962
79.506082    68.725145
65.244350    79.099336
131.566075    101.022354
85.590010    82.041121
89.592776    73.362079
79.540102    66.534676
88.331616    92.784370
149.643118    114.276888
35.329333    146.080561
73.885298    101.452933
81.518174    97.683447
126.856917    153.894418
66.714401    74.206463
81.534044    87.646886
161.020804    91.296557
71.273344    97.471987
87.193253    75.953218
76.109267    65.703366
101.384597    100.169046
58.418905    120.352602
69.789912    113.954629
