84.787008    85.171951
35.170492    103.657796
84.397249    104.672193
40.351441    107.788430
82.153348    99.565559
102.032930    101.111842
87.671147    66.565778
40.886315    107.650637
102.162171    101.163840
108.093991    96.630269
83.990059    78.146573
58.327190    94.016345
84.226412    104.854369
84.659457    84.937306
87.316569    66.393648
107.857988    72.354229
40.714209    108.357520
71.077412    100.486709
102.716797    101.317392
72.228309    92.830182
85.651979    84.767095
57.987520    94.301361
81.651665    92.270454
95.214422    109.484407
107.698168    71.733950
40.714706    108.332320
124.022079    100.411099
76.787576    116.793394
98.039879    111.530019
87.371855    66.559553
73.005789    91.547749
64.835653    80.236907
34.489086    104.336531
85.672667    84.796918
41.162338    108.711967
116.051341    109.446663
93.502404    114.757091
35.776090    113.943460
87.507229    66.813671
76.165889    93.333935
62.402013    93.974335
109.185345    71.045501
59.583749    94.187864
36.098367    102.327339
58.361768    94.412981
134.607087    95.191128
78.072587    117.949284
65.678285    91.694349
85.088284    102.155946
76.802510    123.010007
110.648091    72.024145
72.587241    93.268385
106.353761    95.400967
70.622219    101.043347
86.539920    103.917011
110.396006    103.483188
118.500000    110.247760
77.129525    116.735195
79.719017    122.324996
121.184307    58.236490
108.021149    72.646118
56.749608    95.021117
104.417779    95.623544
118.382891    56.693073
117.744721    60.993517
97.861450    112.034502
