56.882910    77.775614
81.615486    89.020507
53.010523    104.557445
59.312556    107.325597
81.747939    89.061837
58.292915    75.685866
75.488556    97.289658
71.789352    98.246543
46.648687    109.714554
55.229526    122.028760
87.241730    124.443064
88.284819    114.199693
106.030997    114.325487
75.323895    113.569682
81.884148    105.441081
47.126593    105.969267
82.586602    105.638910
96.909274    111.350133
79.044296    104.146290
86.661341    110.056855
85.759456    124.862116
80.800048    117.854164
