89.578023    101.196987
63.689430    114.024391
69.891017    113.254440
63.101685    99.559740
58.144563    94.019016
60.669064    99.245128
49.935589    100.680851
64.238094    114.532416
84.095390    101.913017
84.986267    91.346305
64.675899    98.953806
84.482301    89.011599
69.843329    98.193861
86.233100    94.364322
75.110958    109.137568
84.430628    93.173436
67.934083    65.943631
68.628174    65.963985
70.113827    80.250844
68.260713    72.562742
84.532185    92.836734
85.219853    92.380023
59.136101    107.472265
84.596937    89.037339
57.718078    92.043575
85.198137    92.642672
55.383252    106.413294
68.870138    65.687449
84.451768    89.046704
60.887359    106.708259
76.559757    69.181209
84.145579    93.292010
74.424483    110.062445
84.866087    89.039721
76.328447    108.401995
67.960526    71.459025
84.535244    88.592360
84.771298    93.042125
67.664522    66.699364
77.846043    97.194607
73.062953    96.809542
90.757302    88.723395
59.157278    119.358163
51.418043    123.223609
46.809184    98.429723
69.453594    94.351081
80.361863    75.221342
48.396661    97.971836
81.405468    90.441307
78.194920    91.164794
78.340524    92.904326
75.827213    83.606599
40.406239    89.349989
55.197744    97.568091
86.221460    96.121353
39.122165    107.376103
36.564160    87.094215
75.623452    83.729238
37.742163    90.032274
79.066736    91.824627
77.393643    93.228582
39.474344    106.190560
55.364828    70.667438
37.040179    86.508760
79.641756    84.579437
79.480092    92.761048
55.799766    67.204007
78.875488    75.858979
40.876067    75.217267
55.062417    55.438970
40.881580    73.461969
80.266862    90.204532
38.133834    107.004454
54.815390    117.676807
62.935403    114.581883
39.131063    106.788172
54.937230    66.631014
56.333612    65.885580
77.491047    93.210459
42.874039    109.559914
55.634942    64.895278
36.576450    89.977802
68.791812    49.141426
78.301398    75.940136
80.667089    90.583645
54.081488    118.714272
79.295171    75.621599
58.097982    96.266448
39.971735    106.440397
65.381891    98.800516
68.548027    48.940712
79.378940    75.788995
67.090212    77.034762
78.172358    92.956376
81.256910    90.593182
