76.245601    111.225191
104.770792    122.662673
79.782897    105.587056
53.149949    88.957808
84.633256    107.947600
97.846752    123.234094
86.497510    100.500180
88.546212    117.218100
42.989708    89.344667
93.204924    68.604709
101.785390    122.533271
63.436835    66.883757
101.906980    95.903301
95.134663    123.418900
96.977914    123.141574
88.678844    117.020555
94.211537    123.990884
102.889106    122.638741
93.023203    68.535247
63.358146    66.811408
89.718451    65.140063
124.531618    107.571975
51.738220    77.673055
93.594874    89.074214
102.019703    73.649852
85.616679    107.741187
93.079054    68.794776
90.161935    105.145398
100.343949    73.131477
77.276096    115.957341
111.509061    121.561188
62.579220    84.669950
42.185348    89.265542
70.976006    87.647077
66.640651    82.676728
40.910511    113.151662
55.243694    106.489432
81.449424    104.216157
65.790735    116.009364
77.445705    116.345895
87.717595    82.026540
67.691415    116.102696
110.353698    121.962902
123.108154    123.062953
117.191016    118.417199
111.423310    121.548873
124.057716    80.029510
40.148114    88.989934
50.385935    115.690731
92.107359    102.322219
89.240979    117.592494
105.082880    117.877939
43.690568    74.338817
65.130562    85.570428
122.231210    77.132964
59.383553    90.978990
75.166408    89.831379
101.932325    96.095534
59.037074    116.011852
60.766570    115.391843
84.693395    77.116269
77.635429    116.225424
124.482808    120.380185
42.260246    89.418808
86.975065    117.164102
80.287634    84.633036
59.705309    92.846283
