97.761904    95.961072
84.289070    90.715075
84.233862    91.398877
104.437773    102.683004
61.492737    69.827433
60.963179    72.509343
60.820880    71.731752
73.201570    86.638352
85.026486    90.215489
96.008777    89.328115
61.523265    67.739026
61.567038    65.588740
94.548302    90.379265
62.778724    63.297390
95.534579    100.584082
82.692226    98.011939
83.195902    89.431277
85.870435    94.847999
95.365737    89.869210
85.431591    94.933799
78.339551    103.894207
86.519453    94.285036
61.115636    76.453556
67.143511    85.065199
100.339086    76.673911
70.839993    86.268900
59.347994    72.759669
109.495835    92.136288
82.755129    96.059449
60.679708    74.404833
102.472499    73.301541
101.426314    77.709075
97.699423    84.837872
60.474603    70.332297
99.576402    77.444230
67.993679    85.828137
85.604148    91.432041
93.301293    92.986401
101.472664    76.197830
92.728646    89.987244
85.380771    78.099646
102.689381    72.239779
114.419078    84.142851
62.314775    62.358476
95.941522    74.282373
86.671471    111.268551
61.257623    64.193500
79.705382    99.836033
86.351506    94.700753
82.217923    83.981139
96.231763    84.487123
95.412349    88.541315
80.163577    91.054975
84.002968    91.997441
107.126654    82.035582
100.933808    70.321341
100.906711    69.387041
107.026007    82.382100
106.731802    82.283812
43.280655    54.815303
44.271227    52.313236
43.112020    55.648546
106.787466    83.351285
107.270372    82.268469
76.368583    80.193287
42.920654    58.554443
49.919763    46.544128
44.918411    49.164377
107.344427    82.319742
68.023921    107.680862
44.151675    51.787981
52.796535    76.359297
107.119902    83.495805
69.803734    98.327921
42.943858    55.839179
104.790505    92.429497
85.152806    101.386909
83.484931    101.882606
75.224886    79.711561
104.937145    84.685890
100.640002    73.512965
108.119332    60.387077
66.845897    111.927582
104.721787    91.631731
115.523710    105.758118
104.256443    93.299082
122.807230    87.128112
86.395717    100.961186
53.342255    76.373494
73.823457    102.594452
46.129505    47.084535
110.994637    55.665265
108.256912    60.597119
110.942707    61.666881
100.709134    64.998228
104.497716    92.579402
108.747939    72.623438
104.439493    91.984125
110.461043    59.419238
77.191756    94.291687
103.671665    96.140336
45.610709    57.829842
110.872518    54.348081
101.506726    54.817148
130.320281    75.191254
127.700387    74.874184
123.734259    88.078755
84.195982    122.022165
43.882401    75.828639
39.826039    85.918979
42.372134    86.404535
68.800130    86.850952
101.282163    95.176161
86.416479    100.805740
81.870666    56.921447
43.347044    56.753831
107.126654    82.035582
100.933808    70.321341
100.906711    69.387041
107.026007    82.382100
106.731802    82.283812
43.280655    54.815303
44.271227    52.313236
43.112020    55.648546
106.787466    83.351285
107.270372    82.268469
76.368583    80.193287
42.920654    58.554443
49.919763    46.544128
44.918411    49.164377
107.344427    82.319742
68.023921    107.680862
44.151675    51.787981
52.796535    76.359297
107.119902    83.495805
69.803734    98.327921
42.943858    55.839179
104.790505    92.429497
85.152806    101.386909
83.484931    101.882606
75.224886    79.711561
104.937145    84.685890
100.640002    73.512965
108.119332    60.387077
66.845897    111.927582
104.721787    91.631731
115.523710    105.758118
104.256443    93.299082
122.807230    87.128112
86.395717    100.961186
53.342255    76.373494
73.823457    102.594452
46.129505    47.084535
110.994637    55.665265
108.256912    60.597119
110.942707    61.666881
100.709134    64.998228
104.497716    92.579402
108.747939    72.623438
104.439493    91.984125
110.461043    59.419238
77.191756    94.291687
103.671665    96.140336
45.610709    57.829842
110.872518    54.348081
101.506726    54.817148
130.320281    75.191254
127.700387    74.874184
123.734259    88.078755
84.195982    122.022165
43.882401    75.828639
39.826039    85.918979
42.372134    86.404535
68.800130    86.850952
101.282163    95.176161
86.416479    100.805740
81.870666    56.921447
43.347044    56.753831
