74.086114    127.249188
86.070279    95.300710
60.286561    115.340860
71.420929    77.542493
38.582759    86.098517
72.453031    128.063008
65.495031    88.371881
50.531693    130.952645
33.827556    71.890549
38.609098    85.875838
83.572595    127.357326
48.091422    49.784781
41.040313    110.945706
72.004426    77.830082
82.874091    90.548937
60.455194    114.775319
102.413150    126.891811
50.781662    122.230172
83.478371    127.508617
38.583838    87.701311
58.406182    84.072359
47.541985    49.789595
78.774990    119.336716
38.714869    87.542166
77.652418    129.334249
95.254538    85.206882
56.999364    98.712309
85.782488    128.801238
57.912599    84.528244
54.972015    96.907018
35.585664    112.282610
72.102499    77.534217
63.725232    112.976299
71.428857    121.945246
84.726260    89.331211
100.285590    91.224118
72.189980    77.574350
61.635600    114.028245
83.530215    128.087280
33.693387    71.842065
39.081822    114.058532
66.061699    113.103539
62.644084    116.539012
77.686707    129.536808
84.024207    126.783204
103.319279    128.296206
41.215862    57.126731
58.583598    85.450996
95.425680    85.297199
82.571826    90.932990
47.589312    50.182551
97.740828    90.644147
103.252147    127.925976
83.660172    128.095390
47.606876    50.331819
86.135529    88.698327
96.465860    91.829222
72.540925    77.877750
38.673478    87.169520
34.403764    75.989040
105.729248    129.382082
