79.863225    77.131256
76.370726    81.297980
71.143759    75.632653
72.665807    84.820943
75.260931    82.707746
86.579604    82.998850
78.113293    81.732689
79.428001    73.436749
73.386058    73.498930
72.393961    85.721051
69.544104    84.588298
77.971256    81.615566
68.070927    83.479726
79.118909    73.439942
76.913796    81.763869
67.964136    82.639301
84.713530    78.660858
68.468598    84.057959
82.179011    74.462920
66.372668    90.734754
74.407183    75.899456
79.426416    73.707662
71.037784    73.442714
77.261722    81.521506
80.368359    76.229264
82.412536    92.581489
86.916610    90.961670
83.353319    75.758281
72.966846    83.577228
73.865726    76.624036
81.035653    84.975457
74.087542    75.065581
77.167321    81.367881
80.850110    80.100210
69.684273    75.172081
86.863669    83.323125
90.509519    91.007473
74.759410    75.803943
80.630489    78.347149
45.899815    103.681452
68.040892    93.812407
63.685342    103.830605
95.382760    85.314529
88.626624    71.282440
92.974358    70.563706
66.770340    78.956501
76.587508    80.087666
88.398138    86.784626
72.808387    92.014491
75.813288    82.406413
95.607177    85.324499
53.173752    78.276403
87.069289    70.772817
66.754332    79.003705
76.563185    82.128747
78.269981    83.530595
86.420574    76.193831
54.928951    78.072484
85.230721    78.402151
93.190363    70.497274
66.985328    78.986712
85.197266    78.368593
95.014822    69.970854
104.972185    68.677807
88.824764    71.120427
76.552699    82.146136
85.814351    77.575682
95.721359    97.404855
85.403030    78.463443
47.279187    103.800112
95.469565    85.230729
99.468742    70.721701
97.419907    85.528446
73.886880    83.555327
81.250308    85.957838
90.913413    89.192989
72.759431    92.055691
82.120238    93.299988
78.354342    84.325259
56.316111    101.116571
84.872630    79.365779
90.129402    112.093980
68.295845    93.442280
82.317448    93.616338
97.239257    85.841623
58.249617    97.064879
76.613012    80.081872
65.947219    90.173129
76.048547    82.669579
76.961067    84.003105
81.753552    92.382393
76.603803    80.104377
67.035386    78.907719
67.251598    95.662450
72.209573    91.533404
93.133028    70.614012
72.621074    91.936726
84.239760    92.555661
94.410794    98.012328
86.527955    75.938035
66.665067    82.497230
92.278528    79.784238
68.274368    90.462615
70.655794    87.993563
82.787031    89.421132
94.914085    93.692235
58.259711    96.478190
84.875443    93.012813
94.601001    99.272492
107.451601    103.064815
67.021872    78.761436
67.878008    90.310876
88.929810    87.968686
60.745681    103.838926
68.164868    93.467542
81.744355    93.703731
45.899815    103.681452
68.040892    93.812407
63.685342    103.830605
95.382760    85.314529
88.626624    71.282440
92.974358    70.563706
66.770340    78.956501
76.587508    80.087666
88.398138    86.784626
72.808387    92.014491
75.813288    82.406413
95.607177    85.324499
53.173752    78.276403
87.069289    70.772817
66.754332    79.003705
76.563185    82.128747
78.269981    83.530595
86.420574    76.193831
54.928951    78.072484
85.230721    78.402151
93.190363    70.497274
66.985328    78.986712
85.197266    78.368593
95.014822    69.970854
104.972185    68.677807
88.824764    71.120427
76.552699    82.146136
85.814351    77.575682
95.721359    97.404855
85.403030    78.463443
47.279187    103.800112
95.469565    85.230729
99.468742    70.721701
97.419907    85.528446
73.886880    83.555327
81.250308    85.957838
90.913413    89.192989
72.759431    92.055691
82.120238    93.299988
78.354342    84.325259
56.316111    101.116571
84.872630    79.365779
90.129402    112.093980
68.295845    93.442280
82.317448    93.616338
97.239257    85.841623
58.249617    97.064879
76.613012    80.081872
65.947219    90.173129
76.048547    82.669579
76.961067    84.003105
81.753552    92.382393
76.603803    80.104377
67.035386    78.907719
67.251598    95.662450
72.209573    91.533404
93.133028    70.614012
72.621074    91.936726
84.239760    92.555661
94.410794    98.012328
86.527955    75.938035
66.665067    82.497230
92.278528    79.784238
68.274368    90.462615
70.655794    87.993563
82.787031    89.421132
94.914085    93.692235
58.259711    96.478190
84.875443    93.012813
94.601001    99.272492
107.451601    103.064815
67.021872    78.761436
67.878008    90.310876
88.929810    87.968686
60.745681    103.838926
68.164868    93.467542
81.744355    93.703731
45.899815    103.681452
68.040892    93.812407
63.685342    103.830605
95.382760    85.314529
88.626624    71.282440
92.974358    70.563706
66.770340    78.956501
76.587508    80.087666
88.398138    86.784626
72.808387    92.014491
75.813288    82.406413
95.607177    85.324499
53.173752    78.276403
87.069289    70.772817
66.754332    79.003705
76.563185    82.128747
78.269981    83.530595
86.420574    76.193831
54.928951    78.072484
85.230721    78.402151
93.190363    70.497274
66.985328    78.986712
85.197266    78.368593
95.014822    69.970854
104.972185    68.677807
88.824764    71.120427
76.552699    82.146136
85.814351    77.575682
95.721359    97.404855
85.403030    78.463443
47.279187    103.800112
95.469565    85.230729
99.468742    70.721701
97.419907    85.528446
73.886880    83.555327
81.250308    85.957838
90.913413    89.192989
72.759431    92.055691
82.120238    93.299988
78.354342    84.325259
56.316111    101.116571
84.872630    79.365779
90.129402    112.093980
68.295845    93.442280
82.317448    93.616338
97.239257    85.841623
58.249617    97.064879
76.613012    80.081872
65.947219    90.173129
76.048547    82.669579
76.961067    84.003105
81.753552    92.382393
76.603803    80.104377
67.035386    78.907719
67.251598    95.662450
72.209573    91.533404
93.133028    70.614012
72.621074    91.936726
84.239760    92.555661
94.410794    98.012328
86.527955    75.938035
66.665067    82.497230
92.278528    79.784238
68.274368    90.462615
70.655794    87.993563
82.787031    89.421132
94.914085    93.692235
58.259711    96.478190
84.875443    93.012813
94.601001    99.272492
107.451601    103.064815
67.021872    78.761436
67.878008    90.310876
88.929810    87.968686
60.745681    103.838926
68.164868    93.467542
81.744355    93.703731
