42.234750    74.762339
85.442506    87.413052
104.795940    89.844653
71.046438    90.374156
91.482404    91.997738
109.202917    94.452353
57.188614    107.968340
80.333413    85.801207
91.365256    88.722895
114.300195    83.946118
67.532262    95.535714
74.439264    90.513298
79.577778    87.284054
64.835999    101.967039
70.191625    101.974480
77.873161    83.522443
84.073718    82.564900
79.150128    96.766798
92.066671    88.728185
113.782958    83.274418
71.397302    90.408038
77.474105    89.114017
81.334319    88.726719
59.362860    104.407956
103.320987    68.009614
114.370929    79.337755
109.705450    67.899362
72.041692    81.463530
85.317411    87.088149
104.931587    89.998609
59.180134    92.694127
71.943331    90.510776
79.867039    89.580382
91.266910    91.888133
108.225610    93.825874
65.386836    101.380743
75.083157    100.737551
88.070251    87.868966
106.689425    91.004244
64.194018    99.986648
56.644611    91.788684
42.968023    74.758932
99.213421    79.369140
83.986954    82.617304
71.476069    91.518078
99.057334    92.414652
106.421599    99.244493
57.644287    107.026580
72.170936    101.051761
101.498707    108.128451
79.799145    85.958535
91.944329    88.639118
113.705033    83.502358
62.367654    100.145121
76.266777    89.369700
81.381792    88.740289
78.835006    83.793955
115.277194    79.033894
57.199216    91.521062
108.155620    67.737082
71.583225    81.381689
56.319278    92.617651
52.048327    94.765602
39.926362    74.479076
103.330747    68.221711
71.569229    81.352096
72.237743    81.480057
113.494298    83.296286
56.925739    91.603192
78.746507    86.853000
109.430211    108.031636
118.502070    66.754129
78.878257    85.915611
71.869380    81.540221
113.817853    83.293907
43.759063    97.751520
70.697302    101.801071
98.123426    113.488616
45.707576    75.302635
84.076079    82.581838
42.234750    74.762339
85.442506    87.413052
104.795940    89.844653
71.046438    90.374156
91.482404    91.997738
109.202917    94.452353
57.188614    107.968340
80.333413    85.801207
91.365256    88.722895
114.300195    83.946118
67.532262    95.535714
74.439264    90.513298
79.577778    87.284054
64.835999    101.967039
70.191625    101.974480
77.873161    83.522443
84.073718    82.564900
79.150128    96.766798
92.066671    88.728185
113.782958    83.274418
71.397302    90.408038
77.474105    89.114017
81.334319    88.726719
59.362860    104.407956
103.320987    68.009614
114.370929    79.337755
109.705450    67.899362
72.041692    81.463530
85.317411    87.088149
104.931587    89.998609
59.180134    92.694127
71.943331    90.510776
79.867039    89.580382
91.266910    91.888133
108.225610    93.825874
65.386836    101.380743
75.083157    100.737551
88.070251    87.868966
106.689425    91.004244
64.194018    99.986648
56.644611    91.788684
42.968023    74.758932
99.213421    79.369140
83.986954    82.617304
71.476069    91.518078
99.057334    92.414652
106.421599    99.244493
57.644287    107.026580
72.170936    101.051761
101.498707    108.128451
79.799145    85.958535
91.944329    88.639118
113.705033    83.502358
62.367654    100.145121
76.266777    89.369700
81.381792    88.740289
78.835006    83.793955
115.277194    79.033894
57.199216    91.521062
108.155620    67.737082
71.583225    81.381689
56.319278    92.617651
52.048327    94.765602
39.926362    74.479076
103.330747    68.221711
71.569229    81.352096
72.237743    81.480057
113.494298    83.296286
56.925739    91.603192
78.746507    86.853000
109.430211    108.031636
118.502070    66.754129
78.878257    85.915611
71.869380    81.540221
113.817853    83.293907
43.759063    97.751520
70.697302    101.801071
98.123426    113.488616
45.707576    75.302635
84.076079    82.581838
