115.402154    101.561669
112.655576    105.894741
102.485526    111.642049
70.738191    80.280546
86.989557    95.751963
74.223698    80.995112
97.633110    111.884540
78.361906    91.025716
87.197207    95.923824
76.528848    90.983334
86.929853    95.460052
68.854491    77.013237
66.301765    71.915205
86.070919    94.459679
88.834098    94.481169
93.067404    98.917977
108.036214    99.763710
86.353077    89.509305
86.370761    89.480412
86.298308    94.763563
87.382563    96.096013
86.847897    89.361647
85.905363    94.373222
85.209468    94.113731
68.558896    70.082116
68.911783    77.669814
87.414846    89.653834
87.377349    89.922536
85.458382    94.087600
90.484561    93.548576
86.546905    90.136310
90.826341    94.098766
65.212159    69.806671
69.140779    78.532704
117.172363    93.189781
84.362102    94.091706
69.287458    70.137955
71.042836    97.946432
68.667273    96.667669
86.201257    90.915770
71.385884    95.392437
98.129379    110.827006
100.589181    111.128900
59.734039    94.815604
98.880310    110.782153
108.410720    99.422756
94.876193    104.573804
103.288945    100.755821
59.863572    71.254297
57.552599    68.501472
67.710071    69.636310
86.177847    93.887817
92.863127    100.644007
64.617209    68.380619
62.402058    80.161734
77.634065    90.963736
89.405264    98.306819
74.421120    90.934591
92.410184    98.350314
87.588193    96.133856
61.175260    71.528781
66.493063    69.601667
68.280768    76.284328
67.780552    91.501574
86.659174    90.291123
104.941478    100.800184
88.573068    97.758088
67.026930    73.387194
61.441525    72.952740
62.507142    86.082497
73.914734    91.582693
87.268321    89.485953
94.724735    72.266898
127.241450    102.562930
119.015923    100.848624
120.215007    100.920490
118.163260    100.726203
71.023865    93.047037
120.217123    101.082430
50.641120    49.979321
56.756636    86.301095
118.717462    100.927227
50.726416    50.007720
85.215793    91.678678
124.180157    89.037358
74.191586    101.442017
93.093511    103.494067
97.112105    97.695456
118.675945    100.926447
84.201631    90.934378
47.677305    59.516196
54.475498    86.016421
81.027148    90.290306
129.631412    88.939207
99.364504    98.659586
96.730501    108.726068
47.429055    48.410788
49.567710    60.801065
108.781822    102.425015
74.848679    90.068241
124.118967    87.752395
119.452433    100.244066
84.280813    105.288368
49.488281    60.146078
76.827881    90.102553
84.239001    90.806180
75.515774    101.806563
78.891115    102.991908
95.957326    97.841234
115.287007    103.834285
81.670831    104.072551
47.782796    54.056284
48.276498    61.863342
54.495932    85.866594
95.271670    112.568691
49.087254    63.880382
70.976421    100.646444
51.361621    49.720688
45.922959    96.334817
49.296327    99.545452
103.824371    119.463823
49.397689    59.193333
71.706078    92.742068
89.811480    95.149870
118.028457    99.989155
84.179050    104.458162
101.811541    119.934074
106.696301    119.583321
47.867593    49.833906
49.391743    60.732403
38.630992    83.127422
50.709005    49.718358
126.573771    102.385197
124.959356    88.622408
71.255308    92.771411
75.480601    101.665037
55.057845    85.762975
78.886970    89.174625
78.279503    102.454561
89.992263    95.042536
112.386241    103.857468
79.185347    119.470521
97.484575    113.474095
50.471586    49.805243
54.972562    85.962840
48.776025    99.730922
56.078721    86.319551
46.045954    50.525255
74.689704    101.092515
131.271370    104.477222
104.589976    119.715724
38.138557    53.908922
38.557790    66.895182
44.092319    86.425660
78.652636    89.678058
71.022470    93.181857
94.724735    72.266898
127.241450    102.562930
119.015923    100.848624
120.215007    100.920490
118.163260    100.726203
71.023865    93.047037
120.217123    101.082430
50.641120    49.979321
56.756636    86.301095
118.717462    100.927227
50.726416    50.007720
85.215793    91.678678
124.180157    89.037358
74.191586    101.442017
93.093511    103.494067
97.112105    97.695456
118.675945    100.926447
84.201631    90.934378
47.677305    59.516196
54.475498    86.016421
81.027148    90.290306
129.631412    88.939207
99.364504    98.659586
96.730501    108.726068
47.429055    48.410788
49.567710    60.801065
108.781822    102.425015
74.848679    90.068241
124.118967    87.752395
119.452433    100.244066
84.280813    105.288368
49.488281    60.146078
76.827881    90.102553
84.239001    90.806180
75.515774    101.806563
78.891115    102.991908
95.957326    97.841234
115.287007    103.834285
81.670831    104.072551
47.782796    54.056284
48.276498    61.863342
54.495932    85.866594
95.271670    112.568691
49.087254    63.880382
70.976421    100.646444
51.361621    49.720688
45.922959    96.334817
49.296327    99.545452
103.824371    119.463823
49.397689    59.193333
71.706078    92.742068
89.811480    95.149870
118.028457    99.989155
84.179050    104.458162
101.811541    119.934074
106.696301    119.583321
47.867593    49.833906
49.391743    60.732403
38.630992    83.127422
50.709005    49.718358
126.573771    102.385197
124.959356    88.622408
71.255308    92.771411
75.480601    101.665037
55.057845    85.762975
78.886970    89.174625
78.279503    102.454561
89.992263    95.042536
112.386241    103.857468
79.185347    119.470521
97.484575    113.474095
50.471586    49.805243
54.972562    85.962840
48.776025    99.730922
56.078721    86.319551
46.045954    50.525255
74.689704    101.092515
131.271370    104.477222
104.589976    119.715724
38.138557    53.908922
38.557790    66.895182
44.092319    86.425660
78.652636    89.678058
71.022470    93.181857
