67.588378    76.045352
67.788930    78.571334
67.533257    69.346780
68.400209    80.417174
67.392892    76.541716
85.908615    90.970304
68.051241    68.590764
90.377308    117.107056
67.470780    70.443603
103.085847    120.362495
115.487653    110.343464
102.518129    105.360620
66.783664    71.024956
82.668836    105.532172
112.807368    108.351141
73.174735    98.099165
72.240898    98.322294
67.067603    72.746827
74.600426    97.354144
90.952823    115.823916
86.720264    102.115676
88.213164    101.076810
51.026680    59.490618
51.809779    57.043472
50.798179    60.339694
137.670334    80.088499
54.190925    48.063767
53.003696    50.982628
130.941143    92.813321
54.002371    49.326611
50.520545    62.109511
126.698190    113.818346
111.915051    110.096310
130.152289    92.126632
53.944709    49.412786
130.900470    91.289214
50.587272    68.826061
75.973506    110.270076
76.065860    111.531051
53.857902    55.412180
51.363304    59.631887
76.264426    83.268769
51.974442    101.347128
128.622412    92.038626
51.026680    59.490618
51.809779    57.043472
50.798179    60.339694
137.670334    80.088499
54.190925    48.063767
53.003696    50.982628
130.941143    92.813321
54.002371    49.326611
50.520545    62.109511
126.698190    113.818346
111.915051    110.096310
130.152289    92.126632
53.944709    49.412786
130.900470    91.289214
50.587272    68.826061
75.973506    110.270076
76.065860    111.531051
53.857902    55.412180
51.363304    59.631887
76.264426    83.268769
51.974442    101.347128
128.622412    92.038626
