42.854967    86.976597
61.612441    53.731711
75.788627    84.218680
75.958810    84.189805
42.815948    87.490212
38.715215    79.934822
75.824116    84.384253
61.373221    55.062558
75.918378    84.328498
61.120547    54.593258
76.079747    84.568423
56.865814    76.917333
61.239224    54.350398
76.093897    84.381199
94.143400    92.182042
57.658690    117.446701
55.441967    57.320962
76.256519    84.648778
81.062726    97.876920
61.303380    55.102969
54.366477    103.646908
43.175032    88.901135
57.838817    89.543900
36.477687    81.302122
65.579160    93.294448
67.846690    111.319304
64.265753    117.018510
65.438463    116.871496
40.062775    72.898354
57.147104    81.177057
49.589155    65.579196
