86.005506    90.058621
86.021864    89.990068
110.909037    110.237196
99.880001    104.146482
100.628395    104.700579
96.223678    101.493657
109.548408    99.109651
89.825190    86.582369
91.617207    97.776939
81.085647    76.139657
103.531033    106.233667
92.017480    98.045786
64.709825    88.207787
86.235974    90.507569
61.180344    88.332168
91.132028    97.341481
92.627998    94.042749
79.573633    73.113433
86.246235    90.508609
94.449869    107.621116
78.890318    72.481038
83.914917    78.562633
61.677384    87.737803
85.437204    90.029295
59.160790    90.374516
83.603849    91.853815
84.001341    85.621949
76.061082    82.128052
110.525017    111.889310
81.650392    88.514899
117.116816    98.294114
75.550683    55.330262
121.147822    98.744940
112.639298    112.735881
110.496069    111.876595
81.837770    88.263990
117.248158    114.291173
79.431354    56.721184
76.494134    58.092902
75.202965    53.833591
100.071931    106.855331
95.253933    71.535191
73.063039    63.564002
96.532785    104.555101
111.512800    112.076609
76.692180    57.726296
88.162367    100.240018
80.816067    81.602750
130.715838    102.025065
96.279775    104.631293
68.684031    54.484441
48.148486    63.572858
76.414175    58.284796
78.259067    80.138499
81.304024    79.261114
96.871702    116.292731
81.319086    80.104493
113.172803    112.263120
73.728580    67.872961
45.393287    72.664962
44.289068    63.788015
35.017759    71.978847
76.061082    82.128052
110.525017    111.889310
81.650392    88.514899
117.116816    98.294114
75.550683    55.330262
121.147822    98.744940
112.639298    112.735881
110.496069    111.876595
81.837770    88.263990
117.248158    114.291173
79.431354    56.721184
76.494134    58.092902
75.202965    53.833591
100.071931    106.855331
95.253933    71.535191
73.063039    63.564002
96.532785    104.555101
111.512800    112.076609
76.692180    57.726296
88.162367    100.240018
80.816067    81.602750
130.715838    102.025065
96.279775    104.631293
68.684031    54.484441
48.148486    63.572858
76.414175    58.284796
78.259067    80.138499
81.304024    79.261114
96.871702    116.292731
81.319086    80.104493
113.172803    112.263120
73.728580    67.872961
45.393287    72.664962
44.289068    63.788015
35.017759    71.978847
