104.832090    87.219514
82.095071    80.879620
97.599372    74.660877
102.063122    74.033583
80.274229    81.664894
94.125720    79.407329
80.703030    84.382548
91.814047    81.607322
80.374285    81.578424
81.571471    81.427341
83.118492    81.368465
84.307569    87.577044
84.295844    87.985459
82.911126    82.084194
78.391772    88.838915
85.100719    88.432144
78.656959    82.724493
77.189085    83.334755
77.778657    82.795570
86.283048    86.756911
81.319109    82.060547
84.515668    85.140910
77.654627    82.756266
93.238421    92.415357
100.800007    96.571079
82.044535    95.876252
80.036204    87.928641
78.917680    82.679742
81.222047    82.863448
99.343095    98.885328
83.572357    87.160704
79.938111    86.957634
92.605986    102.764491
105.406308    73.045487
82.917461    81.417369
80.141758    82.139087
79.697833    81.973320
109.275698    87.535480
83.752827    82.330907
82.241856    85.652751
77.077478    91.666176
78.593736    87.278063
117.414054    57.426687
122.802280    58.648205
52.004941    70.117392
114.681071    55.634226
115.478591    66.746003
53.079226    69.901835
113.621916    72.080171
123.222238    58.599472
89.295824    85.702425
78.624319    99.629650
100.222627    103.836346
101.409561    104.247964
91.947762    74.293119
86.520788    87.368963
90.354575    90.447416
91.883363    74.149612
123.279475    58.367729
120.512794    106.940115
115.226095    66.733954
124.018293    76.457799
99.567351    104.435482
91.501304    74.324322
123.333391    58.246583
79.568204    87.030500
100.439576    91.140514
102.520699    91.132695
81.724426    85.632956
90.297998    74.694155
83.355322    86.289743
87.977189    85.681340
84.167425    86.511868
112.847781    104.617032
95.410831    90.685466
106.550753    95.946888
121.311371    107.925678
90.176967    74.849075
126.317223    58.126639
86.481294    87.464656
103.467019    93.170612
80.955220    86.657232
82.657810    85.945383
93.448606    90.941415
102.278790    91.186105
117.414054    57.426687
122.802280    58.648205
52.004941    70.117392
114.681071    55.634226
115.478591    66.746003
53.079226    69.901835
113.621916    72.080171
123.222238    58.599472
89.295824    85.702425
78.624319    99.629650
100.222627    103.836346
101.409561    104.247964
91.947762    74.293119
86.520788    87.368963
90.354575    90.447416
91.883363    74.149612
123.279475    58.367729
120.512794    106.940115
115.226095    66.733954
124.018293    76.457799
99.567351    104.435482
91.501304    74.324322
123.333391    58.246583
79.568204    87.030500
100.439576    91.140514
102.520699    91.132695
81.724426    85.632956
90.297998    74.694155
83.355322    86.289743
87.977189    85.681340
84.167425    86.511868
112.847781    104.617032
95.410831    90.685466
106.550753    95.946888
121.311371    107.925678
90.176967    74.849075
126.317223    58.126639
86.481294    87.464656
103.467019    93.170612
80.955220    86.657232
82.657810    85.945383
93.448606    90.941415
102.278790    91.186105
