107.531053    100.786342
94.820320    87.541547
94.562986    98.424036
93.768887    91.921186
103.245490    104.582206
94.304148    97.907094
95.454124    111.402730
95.603262    110.623372
99.469839    97.991744
85.469189    90.638750
61.060355    78.411488
85.460139    99.837544
85.344216    90.719949
64.745479    78.546861
83.749311    91.812481
91.350304    111.645958
88.597865    103.678652
97.909689    91.906228
90.118430    111.606864
59.466294    68.324753
67.457719    92.486215
83.526665    98.899694
65.361596    92.398046
83.179412    98.769065
59.034843    73.800939
85.991764    90.360834
57.642010    66.987312
87.295324    96.470652
57.878207    70.241890
121.202590    96.752755
81.651961    98.698644
86.478752    95.170962
88.894507    98.323686
99.840105    98.529647
86.012268    90.200363
86.002758    90.217913
82.161165    98.798146
83.912831    98.969286
85.675603    90.578605
81.205010    98.786944
79.331518    98.999764
60.709610    68.447261
59.186048    74.958307
84.113942    91.465158
82.676758    92.050778
106.496512    114.730609
55.415119    85.972251
80.022892    98.834678
87.511180    92.702054
107.734815    112.803864
57.999910    89.140168
86.031369    90.443421
87.761154    93.315943
57.015343    68.403247
59.742867    77.036155
108.797047    93.226799
85.866268    74.566484
116.714881    102.650112
107.289125    100.783206
109.247576    100.853682
106.744798    100.548530
69.600809    90.953842
58.870591    96.821637
37.274731    61.415413
37.261710    59.086214
107.628073    88.381514
38.302362    58.222840
74.566822    108.353982
108.966144    101.447037
40.860463    50.332352
42.185893    88.483822
44.455632    88.884554
68.164205    93.870416
72.974642    107.902198
108.339795    100.877824
40.747441    50.616872
78.716777    93.440372
38.390272    54.869387
41.910982    88.481511
36.703808    53.653192
114.152506    89.506032
133.118569    93.647780
63.633006    105.710772
84.611884    104.455874
88.973629    98.209463
108.637367    100.951501
77.156322    92.897950
37.116809    60.424853
42.278259    88.554544
73.350580    92.502517
119.675098    89.489303
90.716813    99.092207
87.258089    109.395472
37.744272    49.316825
38.648109    59.541493
97.746176    102.295703
65.018424    92.996052
112.896719    88.594146
108.098168    100.272532
74.891882    108.060195
111.946335    121.994717
38.732393    59.090228
68.079367    92.770417
76.820074    92.738672
135.665052    92.971209
65.282542    106.051086
69.381246    106.967162
88.329422    98.645043
105.267722    103.780821
72.339153    107.402177
37.701881    54.268855
37.459398    62.792763
42.415756    88.397169
85.866268    74.566484
116.714881    102.650112
107.289125    100.783206
109.247576    100.853682
106.744798    100.548530
69.600809    90.953842
58.870591    96.821637
37.274731    61.415413
37.261710    59.086214
107.628073    88.381514
38.302362    58.222840
74.566822    108.353982
108.966144    101.447037
40.860463    50.332352
42.185893    88.483822
44.455632    88.884554
68.164205    93.870416
72.974642    107.902198
108.339795    100.877824
40.747441    50.616872
78.716777    93.440372
38.390272    54.869387
41.910982    88.481511
36.703808    53.653192
114.152506    89.506032
133.118569    93.647780
63.633006    105.710772
84.611884    104.455874
88.973629    98.209463
108.637367    100.951501
77.156322    92.897950
37.116809    60.424853
42.278259    88.554544
73.350580    92.502517
119.675098    89.489303
90.716813    99.092207
87.258089    109.395472
37.744272    49.316825
38.648109    59.541493
97.746176    102.295703
65.018424    92.996052
112.896719    88.594146
108.098168    100.272532
74.891882    108.060195
111.946335    121.994717
38.732393    59.090228
68.079367    92.770417
76.820074    92.738672
135.665052    92.971209
65.282542    106.051086
69.381246    106.967162
88.329422    98.645043
105.267722    103.780821
72.339153    107.402177
37.701881    54.268855
37.459398    62.792763
42.415756    88.397169
