88.082095    90.554745
90.678914    88.554919
82.001146    90.281142
82.027869    91.639577
90.788492    88.365553
82.103187    88.540895
84.865178    91.277946
75.816958    86.853045
92.236485    95.203211
61.824470    83.862207
92.949125    95.611643
85.882796    90.420501
78.395275    91.743636
88.402806    87.340358
93.120645    79.133388
88.827764    87.018331
93.364106    95.790529
66.044191    85.252269
51.690205    66.871027
51.273720    68.957526
51.429191    68.314900
86.254802    87.731570
88.347622    90.007788
86.198666    89.710942
67.206698    85.025148
83.511140    89.016147
86.156949    89.639782
90.759337    89.080750
95.320603    78.216085
93.650244    86.254763
93.943862    81.998021
98.199873    80.612567
91.831243    70.017286
74.087481    77.412566
91.669459    69.764382
98.762598    80.827269
98.372770    81.954594
97.403117    83.068136
97.639408    59.298019
98.106456    80.789019
65.472478    77.463737
97.413891    83.090903
56.062249    75.917746
77.040029    83.902039
96.731733    83.224644
97.897737    60.640423
91.901736    72.784550
47.164747    67.475975
44.237545    63.416987
47.108986    74.702998
33.383268    52.456917
33.974091    50.539769
33.076651    53.321770
98.364277    81.857811
98.767830    80.904771
69.890113    78.182020
33.139089    55.985615
61.985751    87.137893
95.320603    78.216085
93.650244    86.254763
93.943862    81.998021
98.199873    80.612567
91.831243    70.017286
74.087481    77.412566
91.669459    69.764382
98.762598    80.827269
98.372770    81.954594
97.403117    83.068136
97.639408    59.298019
98.106456    80.789019
65.472478    77.463737
97.413891    83.090903
56.062249    75.917746
77.040029    83.902039
96.731733    83.224644
97.897737    60.640423
91.901736    72.784550
47.164747    67.475975
44.237545    63.416987
47.108986    74.702998
33.383268    52.456917
33.974091    50.539769
33.076651    53.321770
98.364277    81.857811
98.767830    80.904771
69.890113    78.182020
33.139089    55.985615
61.985751    87.137893
