61.200517    74.607267
62.012637    67.875247
61.986864    78.904646
61.419889    74.986405
62.872439    67.498029
63.666332    72.951721
66.536252    100.635899
65.870962    100.672601
61.474450    71.355803
84.939495    92.688256
66.035471    100.912549
87.981019    115.605041
84.092806    103.346325
63.162786    88.928177
86.463780    100.758614
61.244921    72.131870
85.842621    91.233625
93.314513    91.334254
84.483869    99.379274
87.003424    100.459266
64.473099    63.940453
60.963128    76.295566
66.948392    87.535467
93.036258    89.744517
67.282445    83.394198
96.707728    82.149397
93.369129    88.478752
91.274091    99.293392
89.118958    89.405556
81.487396    101.736390
62.160224    69.832487
61.492146    73.062803
95.823100    82.635879
69.662876    87.795316
90.815523    90.441119
85.096226    91.463968
92.721600    91.425762
51.649970    102.167103
67.465717    99.442570
83.152963    94.078361
85.286850    98.934267
78.499133    107.944535
86.847609    100.398146
112.993256    89.042994
92.632804    91.865859
84.938558    78.537403
84.395432    90.877652
91.165324    90.047606
85.337779    91.378474
91.510785    92.224784
84.230272    90.434968
90.337502    91.610138
81.420022    95.432077
92.156794    99.401320
77.208724    85.428706
82.812876    88.283462
66.205257    86.109932
71.635370    94.950346
90.585848    92.062351
82.230338    93.849707
85.552137    98.678537
98.024708    74.547834
44.150926    58.963491
44.872650    56.572935
43.862785    59.811102
67.707228    113.810574
98.021579    77.775060
102.281589    95.084637
102.235088    96.661011
129.821345    82.828810
46.291440    62.380421
47.003178    50.350549
121.265693    94.293960
117.635758    114.607819
69.027729    111.562278
112.453470    110.120047
37.037838    101.038934
45.047724    58.870821
70.808126    84.372342
97.673888    77.745245
83.958437    105.729352
126.746936    80.729900
43.297605    102.904407
79.532358    108.386954
118.727764    105.968773
69.969341    93.962625
84.231240    105.651088
125.390643    81.938306
43.704711    58.369963
104.973849    66.750835
40.033745    93.004400
79.191348    107.548918
100.360694    99.251704
84.747533    109.284676
69.373822    68.780957
105.973867    66.318721
45.786746    79.013616
74.151440    79.929985
96.074364    105.257645
78.133058    112.638764
47.042970    49.883888
102.725211    87.423478
72.534927    111.536040
82.399832    80.458625
40.824436    92.523170
53.158669    91.936701
75.779796    90.386945
87.754389    89.132000
102.890434    86.345468
49.210678    100.619410
85.369996    106.424883
73.001238    108.784625
79.710018    108.437359
80.783319    57.236052
125.907232    81.981939
61.307975    71.337606
69.144346    72.435678
50.522208    77.557173
101.078037    107.823234
69.273518    112.750801
36.388266    50.384978
66.130889    71.985598
105.446652    66.770441
63.968262    83.230573
73.937929    78.745690
100.648553    82.080085
102.922530    86.778586
35.528205    101.351792
63.942243    97.195800
71.535027    112.129451
45.901699    52.350426
98.024708    74.547834
44.150926    58.963491
44.872650    56.572935
43.862785    59.811102
67.707228    113.810574
98.021579    77.775060
102.281589    95.084637
102.235088    96.661011
129.821345    82.828810
46.291440    62.380421
47.003178    50.350549
121.265693    94.293960
117.635758    114.607819
69.027729    111.562278
112.453470    110.120047
37.037838    101.038934
45.047724    58.870821
70.808126    84.372342
97.673888    77.745245
83.958437    105.729352
126.746936    80.729900
43.297605    102.904407
79.532358    108.386954
118.727764    105.968773
69.969341    93.962625
84.231240    105.651088
125.390643    81.938306
43.704711    58.369963
104.973849    66.750835
40.033745    93.004400
79.191348    107.548918
100.360694    99.251704
84.747533    109.284676
69.373822    68.780957
105.973867    66.318721
45.786746    79.013616
74.151440    79.929985
96.074364    105.257645
78.133058    112.638764
47.042970    49.883888
102.725211    87.423478
72.534927    111.536040
82.399832    80.458625
40.824436    92.523170
53.158669    91.936701
75.779796    90.386945
87.754389    89.132000
102.890434    86.345468
49.210678    100.619410
85.369996    106.424883
73.001238    108.784625
79.710018    108.437359
80.783319    57.236052
125.907232    81.981939
61.307975    71.337606
69.144346    72.435678
50.522208    77.557173
101.078037    107.823234
69.273518    112.750801
36.388266    50.384978
66.130889    71.985598
105.446652    66.770441
63.968262    83.230573
73.937929    78.745690
100.648553    82.080085
102.922530    86.778586
35.528205    101.351792
63.942243    97.195800
71.535027    112.129451
45.901699    52.350426
