77.239528    120.763794
86.032729    90.335959
51.034734    126.551886
40.411477    90.320360
52.933946    126.294802
50.829938    126.711483
61.823078    110.596543
38.320351    122.155823
67.811694    72.706391
50.465894    126.568674
66.441774    123.493697
37.274134    120.356576
35.601728    83.883125
75.182440    120.980587
93.618717    80.146136
64.110128    85.844144
81.675943    86.747417
68.036464    72.658197
73.808910    121.282621
56.263743    96.508205
55.750925    98.628229
68.458024    72.724971
38.022507    118.790571
55.323597    127.232306
91.659429    76.683158
56.063117    125.975451
64.174768    89.689109
63.377267    114.638883
50.432393    125.436824
62.211345    128.819043
82.683657    127.849355
62.976229    89.728414
54.783529    99.527039
50.800480    116.927472
34.952899    110.956863
35.683546    84.998108
35.851047    86.831273
86.593165    121.096197
95.067714    80.962869
40.984852    47.835649
116.176164    99.297338
40.788042    108.731866
42.831752    111.071006
62.217494    110.934658
72.313634    98.708025
68.339809    74.015246
82.383420    87.011397
116.175414    98.765116
130.300781    88.755301
47.033239    115.538642
113.886920    82.834590
115.916591    99.189332
62.108008    110.699746
107.695387    120.195784
127.560043    87.641211
74.786429    97.938839
64.387703    106.243787
84.463425    124.064678
104.956400    118.411021
57.600654    85.015963
87.471718    82.060337
128.670483    87.969929
62.965993    89.428938
72.359195    98.966065
65.956261    104.716153
68.338192    107.898091
52.233389    118.644485
86.616904    120.964393
35.844466    86.288325
55.902313    82.289065
