98.927986    96.283965
84.295160    91.351924
106.335109    102.821479
62.735278    68.382786
62.336157    71.146814
62.883373    66.535097
63.261302    64.613899
96.340607    90.008642
79.492148    103.201110
62.819389    76.222062
101.072686    76.828679
111.552800    92.009297
62.588050    74.020089
103.094965    73.540092
102.035980    77.842656
98.399932    84.929865
62.160547    69.766615
100.095987    77.624052
85.711619    91.495458
94.450545    93.437857
102.055742    76.358562
93.433721    90.097668
103.164482    72.524100
63.647393    62.388296
96.260053    74.703608
62.635168    64.261599
80.926117    98.965104
96.776118    84.594649
96.158773    88.637832
80.298054    91.122538
110.477534    106.238435
96.174592    76.189964
96.112631    76.859706
85.836117    79.765571
95.623767    89.587672
61.962652    65.851369
107.941090    82.682927
102.182608    70.521321
102.107837    69.394143
45.886613    54.070674
46.676792    51.661383
45.772634    54.843580
107.821141    83.895295
108.144699    82.851082
44.926962    58.409077
47.330258    48.566572
108.330815    82.889427
71.165990    106.128200
46.527845    51.189418
108.072407    84.076991
45.638947    54.892999
106.177724    92.631113
101.673347    73.830207
109.201591    60.930217
104.990219    92.450041
105.038976    93.908583
48.662267    46.302908
111.919100    56.248280
109.114145    61.162255
111.884873    62.186341
101.926100    65.465832
105.747970    92.859639
109.577698    73.186036
105.616041    92.325813
77.250616    94.802979
104.813533    96.634255
48.022022    57.543425
111.903717    54.718139
102.316139    55.424070
47.880811    46.313592
125.303073    88.450628
102.096430    95.843651
111.828480    55.126469
121.313532    109.469655
102.723490    57.526731
129.292609    75.672004
102.886023    58.449140
124.768123    88.122388
125.661317    87.347380
107.941090    82.682927
102.182608    70.521321
102.107837    69.394143
45.886613    54.070674
46.676792    51.661383
45.772634    54.843580
107.821141    83.895295
108.144699    82.851082
44.926962    58.409077
47.330258    48.566572
108.330815    82.889427
71.165990    106.128200
46.527845    51.189418
108.072407    84.076991
45.638947    54.892999
106.177724    92.631113
101.673347    73.830207
109.201591    60.930217
104.990219    92.450041
105.038976    93.908583
48.662267    46.302908
111.919100    56.248280
109.114145    61.162255
111.884873    62.186341
101.926100    65.465832
105.747970    92.859639
109.577698    73.186036
105.616041    92.325813
77.250616    94.802979
104.813533    96.634255
48.022022    57.543425
111.903717    54.718139
102.316139    55.424070
47.880811    46.313592
125.303073    88.450628
102.096430    95.843651
111.828480    55.126469
121.313532    109.469655
102.723490    57.526731
129.292609    75.672004
102.886023    58.449140
124.768123    88.122388
125.661317    87.347380
