44.254631    74.427833
88.008514    88.807853
73.172266    90.706362
58.011289    108.291345
94.791542    90.150601
119.372923    84.777395
69.253042    95.683126
76.230571    90.886434
78.904166    84.417473
86.945977    82.990025
95.541363    90.138405
118.793953    84.112957
73.488462    90.761277
78.734179    89.874810
107.671575    67.767034
118.894795    80.047941
114.113908    68.000450
41.650986    73.808677
73.263195    82.036333
87.941737    88.462436
109.196022    91.366503
61.586908    92.680970
73.950121    90.857462
112.370777    95.459858
67.259004    101.282219
81.768702    87.203913
91.158671    89.292450
110.847185    92.412982
59.335342    91.766059
45.297727    74.538016
103.818690    79.590904
86.864511    83.034066
102.903266    94.018424
110.038004    101.104869
58.632186    107.338293
104.690485    111.405323
80.939421    87.283464
95.525464    90.065486
118.819439    84.286964
63.979582    100.203520
77.846383    89.938908
82.669149    90.024723
79.910633    84.682688
119.761142    79.810288
59.981523    91.509234
112.557245    67.763416
72.796900    81.905348
59.093274    92.531072
54.710788    94.543870
42.129841    74.134147
107.842155    67.711741
73.510677    82.074808
118.793719    84.033576
59.556131    91.594014
79.897665    87.162055
72.951189    81.996316
119.214779    84.058494
45.623091    97.450655
71.843992    102.365998
49.218540    75.468691
86.956485    82.988847
112.807072    67.887164
70.841433    103.959153
50.217613    94.464583
56.986843    93.544812
118.996763    84.197708
54.471749    94.504318
73.414260    82.281710
71.104484    91.084084
45.508069    97.990871
74.025403    96.184413
82.299459    98.398422
119.861885    67.678849
