85.070393    91.254751
111.384939    107.135287
67.530144    75.567070
67.800168    78.193097
77.543576    89.330910
67.583138    69.082631
115.871922    95.000292
68.294338    80.092508
104.908942    75.470172
122.776881    86.892780
104.171778    79.426573
67.312788    76.249622
73.669419    89.048708
104.027867    78.072897
105.115035    74.363496
67.897201    68.364565
97.715794    77.203946
90.525111    116.616808
67.467713    70.274926
99.262970    85.559483
103.030242    119.727739
115.356803    109.746215
97.395632    77.741399
97.449184    78.234473
102.201489    104.662183
66.678430    70.932342
82.620538    105.480907
105.032728    73.100627
112.659556    107.776103
97.666831    73.380606
98.836936    93.050053
63.040106    100.484268
100.703722    102.955397
99.061982    98.821356
68.517938    74.024103
68.840900    99.527580
73.009296    97.700608
72.059661    97.912588
98.561296    104.363930
91.764709    105.617469
66.868315    72.311271
105.311032    71.255362
98.714858    103.211533
83.261663    101.052653
51.231503    58.631091
51.892243    56.308905
51.005098    59.478366
112.796719    85.108457
112.915749    85.204643
115.250793    58.974238
137.233406    78.794181
115.320246    64.770258
114.864900    62.590830
79.216606    96.840453
54.224039    61.704709
115.156105    57.498816
105.743420    58.623288
54.217633    47.506876
53.028030    50.402470
130.749536    91.689289
54.101397    48.723313
51.350220    79.614536
50.318165    61.415359
114.677909    57.477749
126.615293    113.016479
105.373901    59.715482
111.556464    109.048889
105.674988    60.474343
130.038916    91.270011
54.083040    49.016910
130.815248    90.538030
114.824836    57.664033
50.465138    67.976119
120.218696    109.886663
114.143885    52.451661
52.051737    62.598665
44.149011    100.392809
51.533172    59.427931
76.549414    83.182043
60.982965    90.712533
71.128292    88.924267
81.436167    90.053030
90.131038    105.238656
107.098476    108.241812
40.412692    48.247780
39.460379    83.058208
51.231503    58.631091
51.892243    56.308905
51.005098    59.478366
112.796719    85.108457
112.915749    85.204643
115.250793    58.974238
137.233406    78.794181
115.320246    64.770258
114.864900    62.590830
79.216606    96.840453
54.224039    61.704709
115.156105    57.498816
105.743420    58.623288
54.217633    47.506876
53.028030    50.402470
130.749536    91.689289
54.101397    48.723313
51.350220    79.614536
50.318165    61.415359
114.677909    57.477749
126.615293    113.016479
105.373901    59.715482
111.556464    109.048889
105.674988    60.474343
130.038916    91.270011
54.083040    49.016910
130.815248    90.538030
114.824836    57.664033
50.465138    67.976119
120.218696    109.886663
114.143885    52.451661
52.051737    62.598665
44.149011    100.392809
51.533172    59.427931
76.549414    83.182043
60.982965    90.712533
71.128292    88.924267
81.436167    90.053030
90.131038    105.238656
107.098476    108.241812
40.412692    48.247780
39.460379    83.058208
