63.790967    101.028296
41.137455    104.331054
120.927158    111.337242
97.653235    116.760138
98.940598    103.225788
120.301426    101.098311
83.620763    127.717997
98.955624    119.677892
65.606534    99.502254
104.099900    89.214975
95.704016    106.247003
116.413379    102.206754
130.920410    102.270550
123.279772    67.646765
81.622953    94.767873
41.024694    104.983451
39.696009    106.011804
130.115598    67.956899
115.008562    128.832539
81.560764    94.888805
84.036050    127.273451
