78.754484    116.113176
86.645995    87.648081
63.447795    125.189559
45.922165    120.433551
81.029457    128.280603
52.596178    121.607060
41.458955    86.755888
80.013503    90.826028
56.782317    93.442441
54.502577    121.344962
52.321884    121.792593
70.014002    125.071200
80.358837    128.020544
63.601604    106.124993
38.905489    116.424096
67.941939    69.486244
60.040911    78.680505
86.053583    111.305362
52.071127    121.939854
68.089588    118.930053
81.683394    107.380277
36.589123    114.553974
38.455883    115.529887
68.122499    69.263300
95.701207    77.579194
36.348013    80.470494
76.491730    116.608677
94.626606    76.878745
64.910400    82.640087
82.452746    83.770110
68.314055    69.180892
75.281781    116.694123
57.668859    92.264477
63.307259    124.942106
78.975694    127.888917
94.787430    76.781482
57.231141    94.541649
68.962497    69.149677
35.884570    113.739030
39.793537    115.482637
121.930530    93.626735
56.808459    122.176621
92.471805    73.354947
119.609391    91.560865
57.959585    122.178524
65.976889    124.911915
65.571741    86.014032
65.220110    109.303599
51.770311    120.334198
63.760758    123.976184
84.008035    122.970085
64.427880    85.959324
86.331789    80.663768
125.381434    81.613705
56.338605    94.729999
51.892165    111.428769
71.642863    100.216275
35.628623    105.058253
36.550726    80.086199
36.739559    81.644868
121.352942    92.633259
87.860442    115.948659
96.036318    77.530017
117.210237    95.440794
117.060578    123.759404
41.797800    103.419076
43.965040    105.887887
35.146107    113.857656
64.034042    105.575890
73.707568    94.861992
