70.974533    85.971582
79.511146    87.376827
108.209858    84.088805
85.921521    65.394791
48.862499    70.291437
89.318330    75.068825
96.376322    59.639229
95.778676    63.836014
63.288827    64.185033
57.271126    60.653148
92.524826    60.416030
83.798380    60.137969
66.738005    64.369743
66.467152    70.342464
108.145887    84.391969
92.737559    66.462016
47.224813    75.520518
99.532409    61.867203
60.274033    60.516750
53.143419    62.522958
94.077129    62.955620
84.427123    56.555267
55.422975    105.768629
52.006128    103.090424
107.846056    86.619894
68.755970    86.100060
92.353934    62.340377
66.124831    60.315541
68.215221    76.862482
72.911582    85.001682
98.346822    66.467734
51.763449    67.592692
100.859841    63.380689
97.271995    65.182664
69.453782    62.770550
53.203181    62.490082
61.887892    75.525651
88.526518    72.779095
87.608302    60.928089
69.610016    65.505968
66.432474    71.698255
69.759282    86.113078
91.485560    66.975938
46.591937    75.739397
101.282060    64.516935
90.989065    55.522369
70.933601    55.103219
54.027872    63.852700
60.309420    75.966774
86.016817    75.521425
58.284989    107.921058
100.564285    84.913343
79.209392    87.358992
70.390772    84.916122
81.806682    76.390074
74.700496    83.903654
40.718810    109.533714
70.509875    93.212946
82.785943    79.411785
73.802333    82.134429
108.103312    105.340566
64.946186    102.888915
71.294566    105.536779
93.087032    115.551826
96.141690    120.429214
126.442845    63.861353
73.168838    85.033100
83.950971    78.054898
73.600352    84.117946
70.670985    92.535823
71.941762    77.192165
111.037202    106.516924
61.199865    103.945038
68.681269    113.111065
75.129278    87.312729
78.351812    84.218147
68.512660    84.266670
126.119452    69.173589
79.208599    87.421989
83.083653    79.870053
113.613726    105.015015
102.006735    118.385551
115.850707    115.667461
81.615104    76.293258
72.537776    82.023512
71.009935    90.818814
76.011387    87.520840
74.143292    75.696747
80.338571    87.971090
53.045952    120.513347
65.602099    111.383091
86.591051    111.377769
93.202521    114.736389
129.255762    64.614861
78.481412    84.115697
73.467962    85.064889
82.494954    76.789472
75.653899    84.723283
76.677389    85.584840
83.391568    78.826343
76.629708    82.681020
73.524291    82.293042
107.955579    99.587971
41.071106    116.100509
71.338867    105.084228
88.194291    109.434997
106.759323    117.242805
83.894623    77.886707
73.712663    84.166873
66.872964    93.017364
81.203776    80.165467
72.754137    76.735444
76.467157    84.582374
113.565483    101.882303
59.217700    105.783336
46.828643    83.502343
75.247183    87.702751
69.419758    84.410923
78.985799    87.342438
117.332970    116.268122
71.457428    106.224959
90.307915    115.673934
98.067364    120.246513
127.804539    63.664778
79.436234    76.534714
76.887476    85.025715
64.482506    95.145669
83.236703    79.541697
74.700532    75.639430
81.499641    88.984855
108.863158    104.313911
65.076105    103.435726
79.209392    87.358992
70.390772    84.916122
81.806682    76.390074
74.700496    83.903654
40.718810    109.533714
70.509875    93.212946
82.785943    79.411785
73.802333    82.134429
108.103312    105.340566
64.946186    102.888915
71.294566    105.536779
93.087032    115.551826
96.141690    120.429214
126.442845    63.861353
73.168838    85.033100
83.950971    78.054898
73.600352    84.117946
70.670985    92.535823
71.941762    77.192165
111.037202    106.516924
61.199865    103.945038
68.681269    113.111065
75.129278    87.312729
78.351812    84.218147
68.512660    84.266670
126.119452    69.173589
79.208599    87.421989
83.083653    79.870053
113.613726    105.015015
102.006735    118.385551
115.850707    115.667461
81.615104    76.293258
72.537776    82.023512
71.009935    90.818814
76.011387    87.520840
74.143292    75.696747
80.338571    87.971090
53.045952    120.513347
65.602099    111.383091
86.591051    111.377769
93.202521    114.736389
129.255762    64.614861
78.481412    84.115697
73.467962    85.064889
82.494954    76.789472
75.653899    84.723283
76.677389    85.584840
83.391568    78.826343
76.629708    82.681020
73.524291    82.293042
107.955579    99.587971
41.071106    116.100509
71.338867    105.084228
88.194291    109.434997
106.759323    117.242805
83.894623    77.886707
73.712663    84.166873
66.872964    93.017364
81.203776    80.165467
72.754137    76.735444
76.467157    84.582374
113.565483    101.882303
59.217700    105.783336
46.828643    83.502343
75.247183    87.702751
69.419758    84.410923
78.985799    87.342438
117.332970    116.268122
71.457428    106.224959
90.307915    115.673934
98.067364    120.246513
127.804539    63.664778
79.436234    76.534714
76.887476    85.025715
64.482506    95.145669
83.236703    79.541697
74.700532    75.639430
81.499641    88.984855
108.863158    104.313911
65.076105    103.435726
79.209392    87.358992
70.390772    84.916122
81.806682    76.390074
74.700496    83.903654
40.718810    109.533714
70.509875    93.212946
82.785943    79.411785
73.802333    82.134429
108.103312    105.340566
64.946186    102.888915
71.294566    105.536779
93.087032    115.551826
96.141690    120.429214
126.442845    63.861353
73.168838    85.033100
83.950971    78.054898
73.600352    84.117946
70.670985    92.535823
71.941762    77.192165
111.037202    106.516924
61.199865    103.945038
68.681269    113.111065
75.129278    87.312729
78.351812    84.218147
68.512660    84.266670
126.119452    69.173589
79.208599    87.421989
83.083653    79.870053
113.613726    105.015015
102.006735    118.385551
115.850707    115.667461
81.615104    76.293258
72.537776    82.023512
71.009935    90.818814
76.011387    87.520840
74.143292    75.696747
80.338571    87.971090
53.045952    120.513347
65.602099    111.383091
86.591051    111.377769
93.202521    114.736389
129.255762    64.614861
78.481412    84.115697
73.467962    85.064889
82.494954    76.789472
75.653899    84.723283
76.677389    85.584840
83.391568    78.826343
76.629708    82.681020
73.524291    82.293042
107.955579    99.587971
41.071106    116.100509
71.338867    105.084228
88.194291    109.434997
106.759323    117.242805
83.894623    77.886707
73.712663    84.166873
66.872964    93.017364
81.203776    80.165467
72.754137    76.735444
76.467157    84.582374
113.565483    101.882303
59.217700    105.783336
46.828643    83.502343
75.247183    87.702751
69.419758    84.410923
78.985799    87.342438
117.332970    116.268122
71.457428    106.224959
90.307915    115.673934
98.067364    120.246513
127.804539    63.664778
79.436234    76.534714
76.887476    85.025715
64.482506    95.145669
83.236703    79.541697
74.700532    75.639430
81.499641    88.984855
108.863158    104.313911
65.076105    103.435726
