81.661335    89.944669
87.721605    90.996892
114.128968    86.706834
83.669160    88.561107
83.688141    92.559076
82.039289    90.130406
88.458609    91.060775
82.571600    89.820167
83.654092    87.221503
102.371533    74.987606
108.391361    74.293767
51.387349    79.841297
81.622270    89.958825
102.658847    92.311316
72.667113    92.993396
82.777346    89.671639
79.126449    89.552278
84.349874    90.403637
70.485598    92.751710
56.851573    81.151984
81.957068    90.181435
96.239274    93.819301
104.434375    99.693924
65.471933    105.057528
79.912657    89.021546
88.408246    91.027097
72.077410    97.902000
84.030868    87.677031
113.397913    83.178960
71.241039    92.526692
106.939899    74.305336
80.220344    88.766998
70.393906    93.170828
51.983789    80.142292
80.797071    89.083935
113.339316    86.229992
83.036257    88.831532
80.340931    88.841695
113.671999    86.237190
55.607662    98.060404
60.826817    82.076666
81.977248    90.168748
107.077017    74.405525
61.159770    95.346035
113.394155    86.386058
65.462027    95.011202
80.700956    89.068775
81.047081    90.563767
55.194419    98.639271
81.840082    90.212657
80.182071    87.702096
88.514419    93.018404
102.688006    74.967168
111.908784    86.405799
82.861583    93.249490
80.750753    89.097991
65.152652    95.092091
60.749474    81.722280
80.769792    89.086076
77.631534    97.832280
55.111041    98.674090
88.770962    93.113702
81.981670    89.407818
72.859152    103.382751
81.034243    93.767253
81.992974    90.158045
113.360018    86.369224
64.988262    95.091957
81.109066    90.541692
82.681750    86.785748
82.818063    93.269170
80.069182    88.678273
80.778424    94.009780
82.824792    87.331187
82.105387    90.093186
83.859248    87.564041
79.956768    88.565607
73.112888    103.020630
74.390187    100.821060
