70.008522    75.119213
69.833994    74.825831
71.127277    74.807856
100.089957    64.725326
93.820168    91.804554
100.397342    96.701106
86.446878    87.543473
93.965598    91.931425
57.117807    109.175718
85.625483    88.169926
89.576501    89.853019
57.134593    93.435288
92.582239    72.565769
56.171258    93.383503
59.081532    94.869252
74.519244    100.948977
96.525519    95.639475
91.659123    72.210214
58.736360    87.468695
85.617882    87.967017
91.083276    86.659066
58.049545    93.925677
71.928222    95.623202
94.113099    91.849114
53.999455    109.829815
71.056183    74.760683
56.910280    109.119786
117.415929    114.542059
57.438746    93.247283
64.016465    92.100976
94.342578    86.721327
68.525759    102.877329
105.711002    53.076957
55.908879    93.049776
129.106512    84.543256
68.333151    103.730190
72.140504    64.375124
41.212314    116.473539
69.702322    75.045511
70.847346    74.878406
129.190696    84.495908
118.603740    72.652787
