101.170956    65.465675
101.701910    97.199068
95.055821    92.320978
58.290190    109.069853
110.325200    52.393565
86.539604    88.504091
90.479069    90.209349
93.434553    73.005858
75.588502    100.963632
97.525436    96.104711
92.508976    72.662446
86.512467    88.268076
116.096510    89.719715
95.115648    92.239611
55.250109    109.721902
58.131905    109.067459
118.893413    115.103687
95.378768    87.007906
69.795803    102.879848
107.021612    53.366069
69.518479    103.724694
73.263347    64.799275
