78.194453    80.105696
73.633786    86.706807
68.014041    75.920686
63.683900    94.482458
80.054898    74.613066
82.625525    73.168020
56.262226    81.158328
62.946840    92.925425
71.465448    88.799069
67.346914    96.247551
75.274628    81.052143
75.206398    84.983958
73.059359    81.863143
67.536550    96.159483
53.792702    100.052619
97.553595    91.920680
71.465448    88.799069
67.346914    96.247551
75.274628    81.052143
75.206398    84.983958
73.059359    81.863143
67.536550    96.159483
53.792702    100.052619
97.553595    91.920680
71.465448    88.799069
67.346914    96.247551
75.274628    81.052143
75.206398    84.983958
73.059359    81.863143
67.536550    96.159483
53.792702    100.052619
97.553595    91.920680
