39.494761    120.447610
59.093590    114.527186
74.464709    99.161083
99.651258    91.865002
112.862313    119.725214
98.090824    72.020483
129.978872    75.549031
128.844861    75.745799
98.559719    91.728761
54.583579    110.203237
98.803912    114.038376
52.131382    112.163971
67.836816    99.711094
83.502977    106.612102
95.901271    100.024635
59.167228    114.732320
93.739103    126.725734
126.806386    75.690929
98.346829    91.955062
58.919062    114.727139
109.843088    70.129965
48.762969    116.716747
116.419124    122.366453
127.753796    75.729423
98.222636    91.765206
54.192943    110.466627
66.995996    101.144187
87.213273    98.072561
94.551245    107.234163
119.642475    110.282195
67.756966    127.078293
104.335090    129.196245
130.796989    66.515046
97.608736    72.283107
48.082117    116.613899
123.747094    118.634808
59.684738    114.701607
