71.819139    106.568351
113.048339    113.927087
114.445844    116.696096
125.855779    58.133095
89.379374    96.128567
52.887126    114.967645
51.751483    116.286882
89.460985    96.257680
101.512543    126.724053
89.301623    95.997979
113.086502    84.707592
53.348316    114.603757
111.867606    120.147599
113.803711    115.999049
89.143995    96.201156
131.363471    57.004689
88.708527    96.237072
120.424607    60.596137
112.618787    84.810884
55.372157    115.425714
111.236795    102.805381
54.118955    115.804374
89.228918    96.093071
138.932212    94.369365
