50.168635    124.140192
58.856986    88.816819
47.136494    118.600189
96.111587    111.491249
59.189091    88.589371
96.865866    92.091576
50.382680    124.684616
66.270317    115.722337
106.333978    104.688232
84.635207    112.753670
61.781209    110.376306
74.138404    102.321028
66.028251    115.387935
84.820797    104.293335
61.995964    118.935679
35.155357    85.952964
58.860481    88.260732
106.645105    100.670888
39.832939    116.818040
65.288957    112.581838
72.022508    102.760283
86.766610    103.634760
103.013035    107.428295
65.907785    122.898914
75.804908    128.367612
102.155126    121.202506
106.645423    121.784015
63.396525    92.912891
125.279552    115.852321
135.012938    77.536510
125.530167    119.582286
99.373741    77.870222
98.369136    89.145783
96.514029    108.246452
58.642426    88.175895
108.874890    78.616516
94.276318    108.259812
88.340408    113.097723
