78.002433    81.734000
78.161676    100.898927
76.490585    96.668999
94.224035    96.256342
77.824367    81.445597
81.380166    62.849027
64.222160    98.274797
65.452366    90.648906
101.760466    69.873050
68.943183    112.469300
81.347731    62.902521
55.888716    76.736870
78.876453    81.332926
107.434953    103.588589
81.434294    63.095093
127.142846    90.488427
57.706658    89.359872
67.147677    117.686960
104.625941    69.739289
65.935977    91.017446
98.468294    91.117512
63.346967    98.537139
101.604763    97.965773
109.513228    104.125617
69.383180    112.408561
69.877121    116.648965
102.082921    70.327349
129.092419    89.822359
110.854842    58.135415
110.154991    53.862138
111.340633    53.258229
104.274606    69.409247
76.460949    112.996667
110.752825    58.253775
87.579266    103.725873
66.802867    117.606768
122.771230    95.200851
126.049258    76.868854
70.161409    92.015426
129.217886    90.115569
76.532325    112.934020
114.213094    56.762261
90.845011    92.621351
95.320424    94.661195
73.888604    92.220903
64.458533    98.210978
96.822457    77.202612
70.543594    91.414869
128.886707    90.004519
63.633231    98.170771
66.062205    99.620858
82.789829    109.054776
104.128772    102.283556
69.732390    112.629556
95.813811    76.897935
65.857844    91.962787
77.775200    90.270194
90.806290    92.529164
96.596184    91.316333
122.822826    94.948789
65.214751    98.699272
77.932927    100.722408
87.392284    103.733035
100.998080    97.538275
76.492124    112.913629
