82.512836    90.435862
89.330473    91.626943
85.044696    87.215715
84.015197    94.533994
82.552558    90.405531
90.078656    91.687458
85.303236    88.576821
83.702061    86.222373
103.891700    75.890771
109.885469    75.320603
56.759278    81.162052
82.447998    90.425612
77.887828    91.952456
85.311243    88.377263
78.188258    89.807607
85.678326    90.967749
76.027610    92.000001
54.636589    100.323237
62.146107    82.562884
97.967760    94.591445
105.782608    100.406268
78.821923    89.224075
90.041697    91.651164
76.456173    95.665221
84.618907    86.602132
76.686050    91.811008
108.454713    75.287851
83.758410    91.399594
75.851539    92.281262
57.393346    81.459150
84.075622    91.732824
82.177090    88.784096
83.808699    91.442241
66.061603    83.608336
82.496283    90.435574
108.587142    75.371551
66.838276    94.470967
71.145454    93.940155
84.054561    91.649391
84.535384    89.377166
60.811803    97.554522
84.961226    89.017078
79.682314    87.783582
89.958650    93.774481
104.215103    75.800925
82.366720    94.786451
84.076070    91.673672
70.924575    93.993253
66.201663    83.373809
84.020018    91.665082
80.197817    95.234125
60.868689    97.513170
90.312293    93.919275
81.931361    89.119325
76.306717    100.593850
82.191996    91.964279
82.489157    90.439354
70.879530    93.966023
84.566791    89.344785
81.593846    87.424876
82.233765    86.102907
82.265108    94.770612
83.831080    91.466198
82.151332    91.861097
82.161976    86.954633
84.763035    88.581787
84.333985    86.466839
83.353727    91.110533
76.177634    100.665095
77.346796    98.567345
82.389467    94.795324
81.500148    93.312478
82.975296    93.363077
82.628772    90.364970
67.956388    104.888694
76.979302    98.898003
101.784430    81.743074
115.223443    87.182056
79.670744    87.746567
106.180653    100.165278
75.925417    100.181672
