41.744513    73.627851
72.222437    80.893866
86.090284    87.455939
105.236685    89.948778
69.977772    90.158141
73.815963    89.555061
92.079019    92.298516
109.325198    94.647261
57.875180    107.029456
71.241526    98.033640
80.263346    85.605620
92.152643    88.797703
114.258573    84.196364
67.547978    95.009407
73.339738    90.582917
79.121872    87.642867
95.838208    93.410017
118.325845    99.667258
64.946059    101.269857
70.254852    101.282428
108.547330    67.297905
76.747174    82.323564
84.572338    81.572931
79.026110    96.807546
92.797000    88.757646
113.872260    83.412950
70.383433    90.197637
76.664928    89.379436
81.339432    89.226484
59.784254    103.504958
103.795206    67.375946
114.590580    79.448881
42.848525    95.507913
112.527173    108.107864
110.085364    67.652759
38.730686    72.937810
71.662417    80.784621
101.939247    74.019004
85.919113    87.049100
105.361866    90.087591
58.024393    92.256098
70.832491    90.384104
79.481166    90.175879
91.897680    92.197369
108.329862    93.995802
65.361630    100.769936
74.903759    100.532359
105.202896    106.009110
80.425159    85.693734
88.726243    87.896298
107.036248    91.141958
64.230563    99.351286
55.241116    91.231557
36.981609    100.612282
42.651483    73.778089
99.877949    78.883460
84.454356    81.619037
70.483672    91.385361
99.663244    92.558503
106.694711    99.476225
58.321189    105.974963
72.252720    100.380547
101.526080    108.054214
79.403243    85.881447
92.655517    88.679550
113.742571    83.642910
62.476149    99.463827
75.217846    89.569922
81.359970    89.235951
89.028033    90.955972
78.215334    82.672901
108.282313    107.374534
115.570955    79.035988
56.007285    90.969035
108.575154    67.238862
71.238586    80.774126
55.224902    92.070462
50.930352    94.222212
39.363518    73.386083
41.744513    73.627851
72.222437    80.893866
86.090284    87.455939
105.236685    89.948778
69.977772    90.158141
73.815963    89.555061
92.079019    92.298516
109.325198    94.647261
57.875180    107.029456
71.241526    98.033640
80.263346    85.605620
92.152643    88.797703
114.258573    84.196364
67.547978    95.009407
73.339738    90.582917
79.121872    87.642867
95.838208    93.410017
118.325845    99.667258
64.946059    101.269857
70.254852    101.282428
108.547330    67.297905
76.747174    82.323564
84.572338    81.572931
79.026110    96.807546
92.797000    88.757646
113.872260    83.412950
70.383433    90.197637
76.664928    89.379436
81.339432    89.226484
59.784254    103.504958
103.795206    67.375946
114.590580    79.448881
42.848525    95.507913
112.527173    108.107864
110.085364    67.652759
38.730686    72.937810
71.662417    80.784621
101.939247    74.019004
85.919113    87.049100
105.361866    90.087591
58.024393    92.256098
70.832491    90.384104
79.481166    90.175879
91.897680    92.197369
108.329862    93.995802
65.361630    100.769936
74.903759    100.532359
105.202896    106.009110
80.425159    85.693734
88.726243    87.896298
107.036248    91.141958
64.230563    99.351286
55.241116    91.231557
36.981609    100.612282
42.651483    73.778089
99.877949    78.883460
84.454356    81.619037
70.483672    91.385361
99.663244    92.558503
106.694711    99.476225
58.321189    105.974963
72.252720    100.380547
101.526080    108.054214
79.403243    85.881447
92.655517    88.679550
113.742571    83.642910
62.476149    99.463827
75.217846    89.569922
81.359970    89.235951
89.028033    90.955972
78.215334    82.672901
108.282313    107.374534
115.570955    79.035988
56.007285    90.969035
108.575154    67.238862
71.238586    80.774126
55.224902    92.070462
50.930352    94.222212
39.363518    73.386083
