56.086072    79.956119
54.597363    106.907708
61.192137    108.679231
56.547004    78.049941
34.951572    103.331836
48.794265    112.601861
58.411316    123.775424
108.643383    111.329624
77.570419    113.668070
83.411383    104.745074
48.887102    108.855585
34.710057    102.991780
133.687503    97.524525
109.674411    127.401326
34.436067    102.732388
110.765613    129.835993
81.300807    88.966455
36.046994    109.310311
54.977511    104.285510
88.463799    108.854796
90.535335    122.974259
109.006186    127.289065
34.404987    104.191938
72.272206    97.255670
61.289375    109.533986
71.781458    102.314565
86.821392    106.205781
58.185486    123.314823
77.576603    114.223032
90.217469    112.660369
34.819930    104.934367
70.983998    96.593330
57.930551    122.854755
