101.389298    83.371341
43.695499    67.618368
101.077626    83.858916
110.231809    47.382977
81.998726    52.752885
44.433340    66.843911
110.288443    47.180380
87.413819    90.822582
43.240114    66.785148
76.230304    56.652044
76.202894    57.815304
83.418281    83.532379
66.146158    103.056253
74.591591    100.424520
44.208599    66.903139
62.586086    94.225783
66.203586    102.702066
69.299121    84.910234
43.951411    66.817091
54.770631    92.311185
62.479631    94.300730
101.667705    76.695847
68.366730    87.369906
43.815433    66.526149
74.576470    86.659946
89.951771    81.723763
107.323758    85.068285
66.486861    102.537186
87.215830    81.702417
95.196211    79.414005
80.443821    83.282929
74.969032    57.589987
68.721787    87.571256
58.384728    95.673269
98.715347    70.893148
67.295670    85.891929
132.586805    64.472951
110.795403    72.850495
74.712590    100.672910
78.890705    83.952276
75.905264    57.749715
79.852078    83.495639
74.844558    57.636834
81.107567    83.417286
80.550290    83.394264
61.638234    92.523163
56.324382    97.264917
118.757641    60.924923
56.943150    94.192665
68.727760    85.584082
47.296222    105.247580
118.560020    62.097132
62.902123    94.536744
78.987323    85.925951
61.562350    98.285090
66.097556    102.476752
82.815025    97.806803
126.354251    67.670491
90.266472    81.258194
100.208773    75.376397
43.937046    66.959664
93.909620    91.482378
93.565360    92.713414
110.893547    85.499823
65.482313    100.822178
114.997187    62.678154
120.671501    71.895678
75.463685    57.432092
