45.824657    75.181504
86.782599    88.730456
107.648556    91.154392
74.489055    90.376714
58.881665    107.526797
93.386732    90.046704
118.166679    84.910015
70.227432    95.123522
77.275071    90.314070
79.516465    85.519027
85.981245    83.944666
94.156616    90.048712
117.581899    84.295572
74.782382    90.402954
79.330180    89.247154
106.651876    68.788284
117.609417    80.456152
113.035605    68.866400
43.162733    74.532104
86.722789    88.456838
107.853133    91.316741
63.292975    92.489412
75.189072    90.464932
111.094184    95.251593
68.314474    100.407765
89.826936    89.217855
109.516341    92.328638
66.724691    99.402216
60.982084    91.686996
46.898934    75.309448
102.509600    80.238655
85.906479    83.992295
101.507150    93.746619
108.873648    100.682629
59.534154    106.589506
103.668403    110.696988
80.709956    87.338166
94.083883    89.976346
117.594618    84.463648
65.151028    99.482307
78.681164    89.380590
82.128225    89.398043
118.513164    80.204693
61.662167    91.437201
111.476291    68.715786
73.808512    82.787613
60.794389    92.389388
43.628049    74.843283
106.793023    68.711058
74.502462    82.980191
117.598832    84.203782
80.241863    87.230467
73.937185    82.856361
117.885284    84.217237
47.072341    97.233232
72.499446    101.363443
50.985930    76.303307
85.966960    83.957058
111.684814    68.860857
71.545515    102.929146
51.766333    94.319440
58.716158    93.357075
117.734296    84.344943
55.955258    94.376910
74.528288    83.200429
72.352623    90.876804
46.849148    97.846951
75.006974    95.187865
118.668316    68.506782
86.189161    99.167037
109.615858    110.378304
73.546001    90.672721
82.179670    89.439035
93.690210    94.134583
66.908126    103.143729
77.749026    112.840678
81.559790    97.682624
100.652011    116.631791
107.155010    68.545265
116.463189    84.257013
