82.799636    89.877537
88.831793    91.068711
114.622064    86.929131
76.224948    94.130786
82.511755    89.144267
83.019765    91.482228
82.707796    89.263622
89.555250    91.128900
81.187502    90.162472
82.885776    87.825236
102.955467    74.586964
109.020429    74.038120
50.296448    79.188674
82.741709    89.835256
71.046971    93.202427
81.411513    90.061993
85.485183    90.384917
68.823452    92.855423
55.343482    80.413212
82.633341    89.310416
97.198096    94.129070
105.183569    100.212383
64.694548    105.595630
80.282948    88.741460
89.501469    91.092845
113.969835    86.589527
71.033321    98.453746
83.067336    88.230722
114.093815    83.225851
69.552142    92.625061
107.529431    74.054986
79.525594    88.105544
68.707817    93.330445
50.829836    79.486318
102.988224    74.626735
80.093511    88.391751
113.915679    86.399872
82.555216    88.624708
79.609585    88.155498
114.160936    86.439965
54.265938    98.198599
59.187968    81.317208
82.654833    89.297063
107.676794    74.160132
59.564713    95.475105
113.923842    86.577571
63.818731    95.227100
79.948833    88.364966
79.478158    90.895417
53.825160    98.791186
114.507321    73.301679
107.153723    109.312567
80.330317    90.560753
80.804761    88.238857
89.613744    93.500693
71.544969    101.716399
103.283051    74.529842
112.402709    86.590816
82.418093    92.004724
79.917122    88.342704
63.469107    95.322521
59.109938    80.948517
79.965291    88.338284
76.883746    98.769881
53.663224    98.841054
89.835713    93.574138
82.264478    90.605797
72.148731    104.206528
80.392089    95.100967
82.674971    89.286803
114.058233    86.529222
63.397002    95.269892
79.499100    90.901716
82.312487    87.411888
82.382722    92.023555
79.683642    88.216962
80.147483    95.152146
82.449363    87.548928
80.658032    90.660829
82.948449    88.182360
