86.765924    90.815940
105.078338    106.805655
86.074108    90.263128
86.203253    90.234497
96.120234    100.888971
83.477276    78.746051
86.079661    90.653220
96.936808    101.705738
86.197193    90.690468
86.092408    90.663014
99.224767    110.951666
67.003506    89.204453
86.164521    90.437816
81.918835    83.435268
119.406032    115.280840
82.901754    68.628840
121.169936    115.945128
119.590858    115.376638
84.260092    57.448846
107.588504    110.119723
104.418299    108.217489
118.951083    114.856764
84.136004    82.255492
105.033477    108.739729
84.574401    88.713821
85.266894    82.267750
104.083830    120.176080
122.021766    115.927316
39.825247    73.603000
74.074146    83.562545
81.918835    83.435268
119.406032    115.280840
82.901754    68.628840
121.169936    115.945128
119.590858    115.376638
84.260092    57.448846
107.588504    110.119723
104.418299    108.217489
118.951083    114.856764
84.136004    82.255492
105.033477    108.739729
84.574401    88.713821
85.266894    82.267750
104.083830    120.176080
122.021766    115.927316
39.825247    73.603000
74.074146    83.562545
