102.775659    72.583418
78.482392    88.195993
95.103907    84.324117
85.174293    64.757911
55.202243    73.962586
61.562615    93.456836
84.052417    73.918626
92.977556    66.107340
62.295229    64.618102
69.654717    76.731106
96.082418    96.517994
78.063789    80.566809
74.626332    87.588055
80.042955    92.351543
85.987193    97.297958
93.075163    84.460360
91.731254    66.791420
53.211305    77.642628
88.140125    72.227022
61.426213    63.730078
62.123400    71.621946
76.419170    83.155151
76.868574    80.009719
59.432519    100.337426
59.626051    96.265493
91.421249    85.541347
101.448115    75.836935
104.026185    86.568458
77.866664    89.314594
90.094251    63.905516
76.457579    85.569299
94.743647    99.130763
105.397293    72.559298
95.152877    68.497953
55.378160    70.698460
88.739965    73.040777
94.169424    67.337667
68.174335    62.611218
62.703958    72.045070
89.933880    91.823488
63.012281    95.442448
74.699646    86.104470
80.329093    95.870630
87.897699    98.177855
102.163755    74.310818
90.712408    66.869334
54.404907    78.220584
87.059085    75.219123
85.055564    65.706670
70.814774    59.881316
57.845805    68.154589
88.822326    90.151120
58.883375    98.192727
78.855046    88.576689
93.840464    84.946428
85.623021    65.127439
55.672520    74.320961
62.358004    93.834119
84.476373    74.468997
93.409863    66.465603
58.246682    68.800752
86.020636    91.077001
96.581007    97.171611
78.768044    80.806540
77.338841    80.667756
80.536283    93.064321
83.244302    98.080637
97.709409    100.157424
103.215002    73.256621
95.843642    84.788324
92.208663    67.102433
53.626904    78.023661
85.409258    73.987389
62.441456    64.521822
88.832869    92.701566
77.390127    83.157400
75.051413    88.366942
59.748431    100.969649
59.915774    96.902425
92.150841    86.044592
101.867004    76.499666
104.526684    87.210361
79.031772    88.816535
94.575973    67.660260
90.427462    92.430370
78.652214    90.408442
85.404243    96.807643
95.262542    99.778628
85.221586    64.873037
55.819843    71.171473
87.815744    73.662086
85.003897    66.555889
68.615620    63.027708
62.639823    72.077645
66.746951    98.469178
75.368785    86.508188
76.933652    86.542701
79.917431    91.475644
105.856119    73.209969
59.760909    97.091799
95.968812    84.895357
87.499176    66.407920
54.459881    78.694915
92.534694    70.380014
93.349299    66.799087
70.679788    62.117703
57.155767    69.864117
83.607128    88.116220
59.623577    98.653110
77.681621    79.569040
76.524497    85.211099
88.309450    98.079650
91.724355    67.387304
53.554658    77.938077
86.112564    76.937834
91.620529    65.090648
64.680056    63.217807
58.267787    71.666769
89.298631    90.759596
75.688763    85.152052
78.855046    88.576689
93.840464    84.946428
85.623021    65.127439
55.672520    74.320961
62.358004    93.834119
84.476373    74.468997
93.409863    66.465603
58.246682    68.800752
86.020636    91.077001
96.581007    97.171611
78.768044    80.806540
77.338841    80.667756
80.536283    93.064321
83.244302    98.080637
97.709409    100.157424
103.215002    73.256621
95.843642    84.788324
92.208663    67.102433
53.626904    78.023661
85.409258    73.987389
62.441456    64.521822
88.832869    92.701566
77.390127    83.157400
75.051413    88.366942
59.748431    100.969649
59.915774    96.902425
92.150841    86.044592
101.867004    76.499666
104.526684    87.210361
79.031772    88.816535
94.575973    67.660260
90.427462    92.430370
78.652214    90.408442
85.404243    96.807643
95.262542    99.778628
85.221586    64.873037
55.819843    71.171473
87.815744    73.662086
85.003897    66.555889
68.615620    63.027708
62.639823    72.077645
66.746951    98.469178
75.368785    86.508188
76.933652    86.542701
79.917431    91.475644
105.856119    73.209969
59.760909    97.091799
95.968812    84.895357
87.499176    66.407920
54.459881    78.694915
92.534694    70.380014
93.349299    66.799087
70.679788    62.117703
57.155767    69.864117
83.607128    88.116220
59.623577    98.653110
77.681621    79.569040
76.524497    85.211099
88.309450    98.079650
91.724355    67.387304
53.554658    77.938077
86.112564    76.937834
91.620529    65.090648
64.680056    63.217807
58.267787    71.666769
89.298631    90.759596
75.688763    85.152052
78.855046    88.576689
93.840464    84.946428
85.623021    65.127439
55.672520    74.320961
62.358004    93.834119
84.476373    74.468997
93.409863    66.465603
58.246682    68.800752
86.020636    91.077001
96.581007    97.171611
78.768044    80.806540
77.338841    80.667756
80.536283    93.064321
83.244302    98.080637
97.709409    100.157424
103.215002    73.256621
95.843642    84.788324
92.208663    67.102433
53.626904    78.023661
85.409258    73.987389
62.441456    64.521822
88.832869    92.701566
77.390127    83.157400
75.051413    88.366942
59.748431    100.969649
59.915774    96.902425
92.150841    86.044592
101.867004    76.499666
104.526684    87.210361
79.031772    88.816535
94.575973    67.660260
90.427462    92.430370
78.652214    90.408442
85.404243    96.807643
95.262542    99.778628
85.221586    64.873037
55.819843    71.171473
87.815744    73.662086
85.003897    66.555889
68.615620    63.027708
62.639823    72.077645
66.746951    98.469178
75.368785    86.508188
76.933652    86.542701
79.917431    91.475644
105.856119    73.209969
59.760909    97.091799
95.968812    84.895357
87.499176    66.407920
54.459881    78.694915
92.534694    70.380014
93.349299    66.799087
70.679788    62.117703
57.155767    69.864117
83.607128    88.116220
59.623577    98.653110
77.681621    79.569040
76.524497    85.211099
88.309450    98.079650
91.724355    67.387304
53.554658    77.938077
86.112564    76.937834
91.620529    65.090648
64.680056    63.217807
58.267787    71.666769
89.298631    90.759596
75.688763    85.152052
