77.745131    82.669053
79.926056    73.285953
69.099991    78.195011
64.206948    91.707380
78.364323    80.048188
83.403292    73.859700
71.008833    73.660867
74.159111    86.364271
82.975697    73.971059
68.188206    79.395531
80.443642    78.224228
70.828063    73.738366
72.611522    78.256162
75.099097    88.532842
69.833333    88.947112
70.170705    87.085046
83.461164    82.207440
84.411670    74.775421
68.642062    76.598565
83.985266    74.374661
72.777386    78.390597
90.310533    89.199387
64.282483    94.393354
72.533350    91.535605
82.470844    73.982256
68.911700    79.720857
79.781143    79.475169
79.840213    75.139969
74.367538    72.295267
69.824624    75.772640
90.224642    88.180809
70.554337    89.915535
71.907700    82.093663
67.621126    86.999062
72.725806    82.032031
66.957032    84.688385
82.159557    73.796361
78.455928    74.197829
79.980133    90.659442
80.920580    90.271957
70.825922    86.335186
66.856081    83.460443
77.423110    85.765787
76.373431    82.325087
56.591057    81.295217
100.982032    66.035722
97.045733    73.375163
67.189111    85.684497
81.062990    77.092927
77.086591    82.239873
77.948763    78.423358
77.063661    82.109935
54.666591    98.531475
72.187235    88.105909
78.460841    79.634357
76.142193    81.462832
68.378534    95.258726
72.352992    98.523492
78.852813    78.992227
76.692419    81.918211
72.332589    87.515290
98.566980    95.615204
75.789423    82.750927
77.440648    81.319140
73.373690    81.815667
77.090947    82.260650
78.585605    79.807880
77.915935    78.407729
75.544122    81.165094
72.663537    86.106587
75.525067    84.538953
68.783462    101.657538
77.364059    81.378976
78.287346    78.583535
77.770207    82.234304
76.842881    82.603106
96.029879    91.034048
72.489972    97.885015
84.700220    99.524467
78.861895    78.927824
76.706583    81.922907
70.656391    87.159540
99.895648    92.620755
65.951262    95.670902
60.724258    81.918678
75.603598    83.204918
73.524468    81.830750
77.144345    82.235653
72.457935    98.370073
107.934660    68.422212
77.165756    78.543991
77.978404    82.288341
78.699934    79.658398
75.601591    78.335501
79.978625    84.917862
96.141158    93.618044
68.567486    95.149386
73.829615    83.401444
61.764000    81.728020
73.193545    82.826477
77.288253    81.431973
73.512250    81.817489
73.202487    82.838896
78.516193    80.595924
73.042336    82.401099
85.652819    77.458274
75.800144    82.755053
83.601669    100.390083
82.266657    90.264678
108.288658    68.538791
73.717764    82.139156
73.458686    82.030375
77.234342    78.509423
73.384051    83.123088
81.358005    86.844719
84.747903    91.752189
73.188527    82.802898
79.882948    84.759404
100.252843    92.786814
86.614388    93.124345
77.269677    81.448732
73.211237    82.096940
77.086591    82.239873
77.948763    78.423358
77.063661    82.109935
54.666591    98.531475
72.187235    88.105909
78.460841    79.634357
76.142193    81.462832
68.378534    95.258726
72.352992    98.523492
78.852813    78.992227
76.692419    81.918211
72.332589    87.515290
98.566980    95.615204
75.789423    82.750927
77.440648    81.319140
73.373690    81.815667
77.090947    82.260650
78.585605    79.807880
77.915935    78.407729
75.544122    81.165094
72.663537    86.106587
75.525067    84.538953
68.783462    101.657538
77.364059    81.378976
78.287346    78.583535
77.770207    82.234304
76.842881    82.603106
96.029879    91.034048
72.489972    97.885015
84.700220    99.524467
78.861895    78.927824
76.706583    81.922907
70.656391    87.159540
99.895648    92.620755
65.951262    95.670902
60.724258    81.918678
75.603598    83.204918
73.524468    81.830750
77.144345    82.235653
72.457935    98.370073
107.934660    68.422212
77.165756    78.543991
77.978404    82.288341
78.699934    79.658398
75.601591    78.335501
79.978625    84.917862
96.141158    93.618044
68.567486    95.149386
73.829615    83.401444
61.764000    81.728020
73.193545    82.826477
77.288253    81.431973
73.512250    81.817489
73.202487    82.838896
78.516193    80.595924
73.042336    82.401099
85.652819    77.458274
75.800144    82.755053
83.601669    100.390083
82.266657    90.264678
108.288658    68.538791
73.717764    82.139156
73.458686    82.030375
77.234342    78.509423
73.384051    83.123088
81.358005    86.844719
84.747903    91.752189
73.188527    82.802898
79.882948    84.759404
100.252843    92.786814
86.614388    93.124345
77.269677    81.448732
73.211237    82.096940
77.086591    82.239873
77.948763    78.423358
77.063661    82.109935
54.666591    98.531475
72.187235    88.105909
78.460841    79.634357
76.142193    81.462832
68.378534    95.258726
72.352992    98.523492
78.852813    78.992227
76.692419    81.918211
72.332589    87.515290
98.566980    95.615204
75.789423    82.750927
77.440648    81.319140
73.373690    81.815667
77.090947    82.260650
78.585605    79.807880
77.915935    78.407729
75.544122    81.165094
72.663537    86.106587
75.525067    84.538953
68.783462    101.657538
77.364059    81.378976
78.287346    78.583535
77.770207    82.234304
76.842881    82.603106
96.029879    91.034048
72.489972    97.885015
84.700220    99.524467
78.861895    78.927824
76.706583    81.922907
70.656391    87.159540
99.895648    92.620755
65.951262    95.670902
60.724258    81.918678
75.603598    83.204918
73.524468    81.830750
77.144345    82.235653
72.457935    98.370073
107.934660    68.422212
77.165756    78.543991
77.978404    82.288341
78.699934    79.658398
75.601591    78.335501
79.978625    84.917862
96.141158    93.618044
68.567486    95.149386
73.829615    83.401444
61.764000    81.728020
73.193545    82.826477
77.288253    81.431973
73.512250    81.817489
73.202487    82.838896
78.516193    80.595924
73.042336    82.401099
85.652819    77.458274
75.800144    82.755053
83.601669    100.390083
82.266657    90.264678
108.288658    68.538791
73.717764    82.139156
73.458686    82.030375
77.234342    78.509423
73.384051    83.123088
81.358005    86.844719
84.747903    91.752189
73.188527    82.802898
79.882948    84.759404
100.252843    92.786814
86.614388    93.124345
77.269677    81.448732
73.211237    82.096940
