70.776489    108.657982
118.514840    112.235196
125.408923    52.847936
91.617576    94.179151
91.543387    94.365096
114.782690    80.233437
118.160180    111.299573
91.415083    94.208916
91.401268    94.044204
119.877822    55.962390
114.465808    80.401532
58.416203    116.305003
58.992619    116.146202
91.234164    94.184648
106.879272    123.374019
77.107291    104.316685
58.497139    116.494421
114.779183    80.236474
78.710806    102.677622
117.973469    95.327148
60.672740    113.703507
117.566171    109.067856
87.268059    98.223588
119.742914    54.993453
58.981023    116.408312
134.622546    66.348654
135.563557    95.161739
76.526909    104.564098
117.348008    115.093763
91.394346    93.539979
118.237606    94.887503
133.724011    86.764744
