54.278312    74.316583
81.379121    88.249170
51.940498    101.464061
58.664188    72.399654
58.728844    73.128575
51.439892    101.380344
113.756398    54.962938
51.446559    101.123494
81.694748    88.066284
104.741606    89.331311
91.689610    97.195034
58.058982    104.795025
52.612573    119.463678
81.447856    88.361932
71.371862    106.077378
59.250233    72.659507
74.813805    96.179862
97.101900    91.405071
86.137676    113.661301
71.182694    96.563021
45.195878    106.343764
52.920972    119.303762
84.908617    123.712103
86.527410    113.485868
