104.457096    84.928886
45.904682    70.091820
104.307998    85.577753
84.375702    55.418134
46.927388    69.461154
84.718215    55.859354
46.621176    69.276720
111.982313    48.234251
68.857705    105.010934
68.478896    103.662585
45.493342    69.295506
78.570665    59.138465
78.363006    60.201303
68.940639    105.214184
76.968842    102.173907
46.466381    69.429452
64.754297    95.620133
68.988833    104.809395
101.999748    90.090617
71.357419    86.292807
46.116556    69.257213
57.120002    93.927119
64.653764    95.726040
68.802419    105.027567
103.657428    77.636184
70.276683    88.644493
46.045456    69.032519
90.634613    82.264639
108.968489    85.859124
67.611744    102.895815
87.815869    82.180712
96.124890    80.046905
81.774848    84.282818
76.584703    59.516876
104.091279    70.746460
70.315341    88.694214
60.307213    96.988222
100.410028    71.548430
69.061176    87.218725
134.386561    65.327332
112.762302    73.607479
76.387989    101.678593
80.657391    85.129300
77.885492    59.967724
81.581395    84.688525
76.836334    59.860227
82.842346    84.598076
82.270389    84.587366
63.976871    93.894231
58.836425    99.087949
120.550932    62.022160
59.524103    95.904846
70.880360    87.025285
49.942043    107.490326
120.381514    63.111953
65.399417    96.176442
80.765479    87.079652
63.988581    100.018738
68.946740    104.560879
85.144335    99.503052
128.302903    68.648813
91.990680    82.309766
102.051370    76.220492
46.143814    69.558013
96.210285    92.893027
96.151876    94.177613
68.500602    102.840390
116.926584    63.547793
122.728539    72.802991
