344           488.637537           362.534071            291.209210            0.041818            0.010210            146            227.579176            749.695898            358.451451            366.616691            287.069275            295.349145            -0.014449            0.098085            -0.004033            0.024453
345           489.104020           362.940605            293.311305            0.021448            0.003145            40            284.575304            693.632737            358.180152            367.701057            289.127981            297.494628            -0.005438            0.048333            0.001292            0.004998
344           488.637537           362.534071            291.209210            0.041818            0.010210            146            227.579176            749.695898            358.451451            366.616691            287.069275            295.349145            -0.014449            0.098085            -0.004033            0.024453
345           489.104020           362.940605            293.311305            0.021448            0.003145            40            284.575304            693.632737            358.180152            367.701057            289.127981            297.494628            -0.005438            0.048333            0.001292            0.004998
346           410.759424           362.427702            292.991430            0.029746            0.003161            20            296.620190            524.898657            358.600276            366.255129            289.189915            296.792946            -0.022957            0.082448            0.003000            0.003321
347           396.576320           363.400478            294.985032            0.018712            0.003155            10            327.808139            465.344500            360.214053            366.586903            291.969771            298.000293            0.017718            0.019706            0.003065            0.003246
348           417.230611           363.198197            294.733363            0.018763            0.003139            8            362.741071            471.720152            360.208148            366.188247            291.878132            297.588593            0.017906            0.019621            0.003054            0.003224
349           427.234920           363.258746            294.905794            0.018833            0.003134            6            395.404856            459.064984            360.444984            366.072508            292.226492            297.585097            0.018071            0.019594            0.003055            0.003213
350           427.260747           363.539114            295.316308            0.018907            0.003138            6            389.201208            465.320286            360.890098            366.188130            292.776934            297.855681            0.018184            0.019631            0.003063            0.003214
344           488.637537           362.534071            291.209210            0.041818            0.010210            146            -261.058361            261.058361            -4.082620            4.082620            -4.139935            4.139935            -0.056267            0.056267            -0.014243            0.014243
345           489.104020           362.940605            293.311305            0.021448            0.003145            40            -204.528717            204.528717            -4.760453            4.760453            -4.183323            4.183323            -0.026886            0.026886            -0.001853            0.001853
346           410.759424           362.427702            292.991430            0.029746            0.003161            20            -114.139234            114.139234            -3.827426            3.827426            -3.801515            3.801515            -0.052703            0.052703            -0.000160            0.000160
347           396.576320           363.400478            294.985032            0.018712            0.003155            10            -68.768180            68.768180            -3.186425            3.186425            -3.015261            3.015261            -0.000994            0.000994            -0.000091            0.000091
348           417.230611           363.198197            294.733363            0.018763            0.003139            8            -54.489540            54.489540            -2.990049            2.990049            -2.855230            2.855230            -0.000858            0.000858            -0.000085            0.000085
349           427.234920           363.258746            294.905794            0.018833            0.003134            6            -31.830064            31.830064            -2.813762            2.813762            -2.679302            2.679302            -0.000762            0.000762            -0.000079            0.000079
350           427.260747           363.539114            295.316308            0.018907            0.003138            6            -38.059539            38.059539            -2.649016            2.649016            -2.539373            2.539373            -0.000724            0.000724            -0.000075            0.000075
344           488.637537           362.534071            291.209210            0.041818            0.010210            146            -261.058361            261.058361            -4.082620            4.082620            -4.139935            4.139935            -0.056267            0.056267            -0.014243            0.014243
345           489.104020           362.940605            293.311305            0.021448            0.003145            40            -204.528717            204.528717            -4.760453            4.760453            -4.183323            4.183323            -0.026886            0.026886            -0.001853            0.001853
346           410.759424           362.427702            292.991430            0.029746            0.003161            20            -114.139234            114.139234            -3.827426            3.827426            -3.801515            3.801515            -0.052703            0.052703            -0.000160            0.000160
347           396.576320           363.400478            294.985032            0.018712            0.003155            10            -68.768180            68.768180            -3.186425            3.186425            -3.015261            3.015261            -0.000994            0.000994            -0.000091            0.000091
348           417.230611           363.198197            294.733363            0.018763            0.003139            8            -54.489540            54.489540            -2.990049            2.990049            -2.855230            2.855230            -0.000858            0.000858            -0.000085            0.000085
349           427.234920           363.258746            294.905794            0.018833            0.003134            6            -31.830064            31.830064            -2.813762            2.813762            -2.679302            2.679302            -0.000762            0.000762            -0.000079            0.000079
350           427.260747           363.539114            295.316308            0.018907            0.003138            6            -38.059539            38.059539            -2.649016            2.649016            -2.539373            2.539373            -0.000724            0.000724            -0.000075            0.000075
351           430.958893           363.695665            295.333842            0.018923            0.003133            4            -27.731142            27.731142            -2.578736            2.578736            -2.462173            2.462173            -0.000683            0.000683            -0.000072            0.000072
352           431.362164           363.388763            295.119600            0.018908            0.003125            4            -25.875280            25.875280            -2.497635            2.497635            -2.427696            2.427696            -0.000679            0.000679            -0.000071            0.000071
353           467.057265           363.395483            295.161519            0.018978            0.003109            4            -30.002864            30.002864            -2.342297            2.342297            -2.310720            2.310720            -0.000654            0.000654            -0.000068            0.000068
354           435.852771           363.994520            296.073411            0.019212            0.003120            2            -19.123793            19.123793            -2.243724            2.243724            -2.212029            2.212029            -0.000640            0.000640            -0.000067            0.000067
355           431.736012           363.671247            296.179928            0.019148            0.003121            2            -18.213662            18.213662            -2.157241            2.157241            -2.152978            2.152978            -0.000625            0.000625            -0.000065            0.000065
356           432.808834           364.118879            296.580320            0.018987            0.003151            2            -17.852589            17.852589            -2.079770            2.079770            -2.056088            2.056088            -0.000592            0.000592            -0.000061            0.000061
357           416.744967           363.213035            296.107505            0.018978            0.003132            2            -15.986785            15.986785            -1.984394            1.984394            -1.976628            1.976628            -0.000558            0.000558            -0.000058            0.000058
358           413.841080           362.872045            295.745268            0.018978            0.003123            2            -14.539712            14.539712            -1.902198            1.902198            -1.907732            1.907732            -0.000528            0.000528            -0.000056            0.000056
359           410.507706           362.641274            295.594093            0.018965            0.003118            2            -13.884298            13.884298            -1.854627            1.854627            -1.876535            1.876535            -0.000515            0.000515            -0.000055            0.000055
360           407.888967           362.400568            295.428760            0.018937            0.003114            2            -13.362264            13.362264            -1.833971            1.833971            -1.862887            1.862887            -0.000508            0.000508            -0.000055            0.000055
361           405.233930           362.296313            295.337948            0.018913            0.003115            2            -12.932521            12.932521            -1.763511            1.763511            -1.814243            1.814243            -0.000496            0.000496            -0.000053            0.000053
362           403.100562           362.187450            295.200091            0.018884            0.003114            2            -12.595098            12.595098            -1.737736            1.737736            -1.794575            1.794575            -0.000490            0.000490            -0.000052            0.000052
363           396.844975           362.014532            295.043129            0.018831            0.003114            2            -12.113764            12.113764            -1.713664            1.713664            -1.763809            1.763809            -0.000477            0.000477            -0.000051            0.000051
364           397.751033           362.059145            295.065727            0.018827            0.003115            2            -12.066804            12.066804            -1.711122            1.711122            -1.759238            1.759238            -0.000476            0.000476            -0.000051            0.000051
365           397.796898           361.895562            295.010745            0.018879            0.003105            2            -11.988425            11.988425            -1.698997            1.698997            -1.748589            1.748589            -0.000472            0.000472            -0.000050            0.000050
366           396.612967           361.764888            294.786325            0.018757            0.003111            2            -11.674013            11.674013            -1.688500            1.688500            -1.737312            1.737312            -0.000460            0.000460            -0.000049            0.000049
367           391.370622           361.936551            294.869984            0.018751            0.003115            2            -11.140591            11.140591            -1.654739            1.654739            -1.710044            1.710044            -0.000433            0.000433            -0.000047            0.000047
368           392.921987           361.910433            294.770749            0.018737            0.003115            2            -10.965889            10.965889            -1.653376            1.653376            -1.707337            1.707337            -0.000432            0.000432            -0.000047            0.000047
369           404.266948           361.836690            294.570102            0.018536            0.003132            2            -9.675398            9.675398            -1.632292            1.632292            -1.690921            1.690921            -0.000416            0.000416            -0.000046            0.000046
370           408.279460           361.484233            294.060718            0.018299            0.003143            2            -9.240575            9.240575            -1.620852            1.620852            -1.679740            1.679740            -0.000406            0.000406            -0.000045            0.000045
371           407.888971           361.067470            293.733983            0.018153            0.003148            2            -8.835165            8.835165            -1.595082            1.595082            -1.668493            1.668493            -0.000398            0.000398            -0.000044            0.000044
372           408.238678           361.008002            293.635453            0.018126            0.003149            2            -8.636336            8.636336            -1.500480            1.500480            -1.586658            1.586658            -0.000388            0.000388            -0.000043            0.000043
373           408.574934           360.198984            292.947525            0.018054            0.003136            2            -8.492004            8.492004            -1.393630            1.393630            -1.512789            1.512789            -0.000376            0.000376            -0.000042            0.000042
374           407.314628           359.496945            292.331602            0.017944            0.003129            2            -8.358704            8.358704            -1.277526            1.277526            -1.413994            1.413994            -0.000367            0.000367            -0.000041            0.000041
375           405.877226           359.366737            292.300260            0.017934            0.003126            2            -8.298965            8.298965            -1.159311            1.159311            -1.301545            1.301545            -0.000358            0.000358            -0.000040            0.000040
376           404.889621           359.426897            292.336665            0.017927            0.003127            2            -8.259682            8.259682            -1.105236            1.105236            -1.252347            1.252347            -0.000355            0.000355            -0.000039            0.000039
377           404.930993           359.091161            292.259728            0.017901            0.003123            2            -8.142803            8.142803            -1.039512            1.039512            -1.197270            1.197270            -0.000347            0.000347            -0.000039            0.000039
378           405.336407           358.779211            292.122803            0.017883            0.003120            2            -8.012475            8.012475            -0.971863            0.971863            -1.147699            1.147699            -0.000341            0.000341            -0.000038            0.000038
379           405.467716           358.419435            291.846229            0.017816            0.003118            2            -7.607346            7.607346            -0.874767            0.874767            -1.043889            1.043889            -0.000328            0.000328            -0.000038            0.000038
380           405.670489           358.369100            291.782954            0.017830            0.003115            2            -7.551931            7.551931            -0.855098            0.855098            -1.023653            1.023653            -0.000324            0.000324            -0.000037            0.000037
381           407.127366           358.228139            291.850424            0.017899            0.003112            2            -7.140789            7.140789            -0.802208            0.802208            -0.966213            0.966213            -0.000312            0.000312            -0.000036            0.000036
382           409.600165           358.120540            291.860248            0.017925            0.003105            2            -6.706743            6.706743            -0.764829            0.764829            -0.930533            0.930533            -0.000304            0.000304            -0.000035            0.000035
383           410.916089           358.151971            291.940133            0.017955            0.003101            2            -6.428208            6.428208            -0.739766            0.739766            -0.895678            0.895678            -0.000298            0.000298            -0.000034            0.000034
384           412.053736           358.208163            291.967609            0.017981            0.003096            2            -6.264496            6.264496            -0.729213            0.729213            -0.880902            0.880902            -0.000295            0.000295            -0.000034            0.000034
385           410.478453           358.192152            292.181506            0.018078            0.003092            2            -6.136480            6.136480            -0.704841            0.704841            -0.831254            0.831254            -0.000289            0.000289            -0.000033            0.000033
386           408.600388           358.074969            291.965381            0.018165            0.003077            2            -6.012801            6.012801            -0.691871            0.691871            -0.802608            0.802608            -0.000284            0.000284            -0.000033            0.000033
387           406.899367           358.016123            291.944055            0.018174            0.003073            2            -5.847251            5.847251            -0.687856            0.687856            -0.794480            0.794480            -0.000281            0.000281            -0.000033            0.000033
388           407.051261           357.985402            291.930897            0.018157            0.003074            2            -5.837181            5.837181            -0.686512            0.686512            -0.793778            0.793778            -0.000281            0.000281            -0.000032            0.000032
389           407.628046           357.974699            291.956711            0.018115            0.003078            2            -5.816699            5.816699            -0.682056            0.682056            -0.787793            0.787793            -0.000279            0.000279            -0.000032            0.000032
390           407.086790           358.048208            291.904438            0.018100            0.003080            2            -5.795115            5.795115            -0.679240            0.679240            -0.784128            0.784128            -0.000277            0.000277            -0.000032            0.000032
391           405.944562           357.937601            291.755778            0.018122            0.003075            2            -5.754377            5.754377            -0.665138            0.665138            -0.770398            0.770398            -0.000274            0.000274            -0.000032            0.000032
392           406.094354           357.952615            291.736260            0.018119            0.003075            2            -5.738757            5.738757            -0.664625            0.664625            -0.769508            0.769508            -0.000274            0.000274            -0.000032            0.000032
393           405.563072           357.871701            291.604565            0.018139            0.003071            2            -5.704716            5.704716            -0.662738            0.662738            -0.763158            0.763158            -0.000272            0.000272            -0.000032            0.000032
394           405.553692           357.702000            291.441692            0.018119            0.003069            2            -5.566049            5.566049            -0.648610            0.648610            -0.754622            0.754622            -0.000268            0.000268            -0.000031            0.000031
395           403.106335           357.627319            291.299265            0.018133            0.003066            2            -5.403713            5.403713            -0.644207            0.644207            -0.751432            0.751432            -0.000265            0.000265            -0.000031            0.000031
396           404.117202           357.637336            291.230828            0.018128            0.003066            2            -5.328854            5.328854            -0.643513            0.643513            -0.750656            0.750656            -0.000265            0.000265            -0.000031            0.000031
397           404.099729           357.595120            291.278744            0.018158            0.003061            2            -5.259555            5.259555            -0.641598            0.641598            -0.747008            0.747008            -0.000261            0.000261            -0.000030            0.000030
398           403.620592           357.596283            291.257121            0.018151            0.003061            2            -5.193104            5.193104            -0.637715            0.637715            -0.742577            0.742577            -0.000259            0.000259            -0.000030            0.000030
399           403.781686           357.549657            291.192499            0.018157            0.003058            2            -5.172057            5.172057            -0.635662            0.635662            -0.740435            0.740435            -0.000258            0.000258            -0.000030            0.000030
400           404.282975           357.518990            291.166762            0.018166            0.003057            2            -5.140226            5.140226            -0.634478            0.634478            -0.739732            0.739732            -0.000257            0.000257            -0.000030            0.000030
401           402.974956           357.546135            291.196851            0.018188            0.003058            2            -4.678741            4.678741            -0.626431            0.626431            -0.727381            0.727381            -0.000254            0.000254            -0.000028            0.000028
402           403.446880           357.536553            291.145604            0.018238            0.003054            2            -4.621227            4.621227            -0.619423            0.619423            -0.715242            0.715242            -0.000252            0.000252            -0.000028            0.000028
403           403.285468           357.542111            291.023397            0.018261            0.003050            2            -4.580322            4.580322            -0.607783            0.607783            -0.694932            0.694932            -0.000250            0.000250            -0.000027            0.000027
404           402.781094           357.459244            291.013884            0.018262            0.003050            2            -4.551169            4.551169            -0.603169            0.603169            -0.690056            0.690056            -0.000248            0.000248            -0.000027            0.000027
405           402.756742           357.386586            290.965826            0.018273            0.003047            2            -4.528481            4.528481            -0.596000            0.596000            -0.679503            0.679503            -0.000246            0.000246            -0.000027            0.000027
406           401.998443           357.276389            290.940766            0.018304            0.003042            2            -4.484328            4.484328            -0.585133            0.585133            -0.666802            0.666802            -0.000243            0.000243            -0.000027            0.000027
407           402.239561           357.195182            291.151842            0.018326            0.003039            2            -4.449358            4.449358            -0.570089            0.570089            -0.649268            0.649268            -0.000240            0.000240            -0.000027            0.000027
408           402.385753           357.173912            291.131655            0.018341            0.003038            2            -4.429474            4.429474            -0.565298            0.565298            -0.637127            0.637127            -0.000238            0.000238            -0.000027            0.000027
409           402.127494           357.123489            291.085900            0.018389            0.003030            2            -4.399826            4.399826            -0.560285            0.560285            -0.619255            0.619255            -0.000236            0.000236            -0.000027            0.000027
410           402.312876           357.097594            291.030284            0.018438            0.003021            2            -4.337745            4.337745            -0.554874            0.554874            -0.611944            0.611944            -0.000235            0.000235            -0.000026            0.000026
411           402.382406           357.061071            290.891574            0.018433            0.003020            2            -4.319438            4.319438            -0.550775            0.550775            -0.605953            0.605953            -0.000234            0.000234            -0.000026            0.000026
412           402.478035           357.067701            290.943049            0.018431            0.003021            2            -4.313356            4.313356            -0.549574            0.549574            -0.603909            0.603909            -0.000234            0.000234            -0.000026            0.000026
413           402.598263           356.972556            290.960923            0.018427            0.003022            2            -4.302202            4.302202            -0.543766            0.543766            -0.598737            0.598737            -0.000232            0.000232            -0.000026            0.000026
414           403.337411           357.018111            290.994057            0.018427            0.003022            2            -4.279081            4.279081            -0.534452            0.534452            -0.586508            0.586508            -0.000230            0.000230            -0.000026            0.000026
415           403.276515           356.950428            290.897142            0.018359            0.003026            2            -4.154160            4.154160            -0.519240            0.519240            -0.573144            0.573144            -0.000226            0.000226            -0.000026            0.000026
416           402.817658           356.922793            290.865796            0.018348            0.003026            2            -4.141198            4.141198            -0.518813            0.518813            -0.572455            0.572455            -0.000226            0.000226            -0.000026            0.000026
417           400.297260           356.905671            290.806768            0.018299            0.003028            2            -4.063541            4.063541            -0.513851            0.513851            -0.566433            0.566433            -0.000224            0.000224            -0.000025            0.000025
418           399.997471           356.912199            290.737244            0.018315            0.003027            2            -3.950951            3.950951            -0.507049            0.507049            -0.556970            0.556970            -0.000221            0.000221            -0.000025            0.000025
419           400.465136           356.917303            290.634486            0.018305            0.003026            2            -3.876827            3.876827            -0.503290            0.503290            -0.553932            0.553932            -0.000219            0.000219            -0.000025            0.000025
420           400.433623           356.844765            290.608249            0.018290            0.003025            2            -3.872195            3.872195            -0.501972            0.501972            -0.550395            0.550395            -0.000219            0.000219            -0.000025            0.000025
421           399.587319           356.911119            290.585246            0.018263            0.003027            2            -3.806214            3.806214            -0.491981            0.491981            -0.541210            0.541210            -0.000217            0.000217            -0.000025            0.000025
422           400.076094           356.981333            290.528219            0.018260            0.003027            2            -3.716130            3.716130            -0.486831            0.486831            -0.535264            0.535264            -0.000216            0.000216            -0.000025            0.000025
423           399.220404           356.901754            290.534518            0.018222            0.003032            2            -3.602497            3.602497            -0.479303            0.479303            -0.532370            0.532370            -0.000214            0.000214            -0.000025            0.000025
424           399.194756           356.903854            290.537544            0.018225            0.003032            2            -3.594302            3.594302            -0.479250            0.479250            -0.532288            0.532288            -0.000214            0.000214            -0.000025            0.000025
